0,089442
0,245783
0,242748
0,242058
0,188822
0,067017
0,050694
0,234813
0,011119
0,235591
0,246093
0,242849
0,228207
0,146008
0,233753
0,098561
0,105819
0,244948
0,069092
0,216930
0,173411
0,077211
0,150469
0,210229
0,241166
0,245184
0,238239
0,073757
0,198203
0,074587
0,118250
0,072040
0,085200
0,012506
0,009616
0,154918
0,220514
0,215221
0,149806
0,170019
0,100412
0,050116
0,075101
0,230557
0,195873
0,244951
0,214402
0,161650
0,169519
0,200389
0,109862
0,076536
0,234051
0,211246
0,245499
0,193767
0,165758
0,244573
0,118783
0,074525
0,235491
0,114923
0,076878
0,162100
0,098272
0,208103
0,237220
0,157814
0,239455
0,188365
0,246087
0,173259
0,077304
0,244044
0,157017
0,225721
0,244249
0,234345
0,212893
0,204140
0,076405
0,160582
0,160636
0,038753
0,131071
0,197151
0,068862
0,243959
0,052488
0,233431
0,246093
0,195461
0,236973
0,083799
0,218492
0,165950
0,171060
0,207416
0,074875
0,106945
0,175298
0,240115
0,224347
0,208270
0,236805
0,118225
0,192275
0,239308
0,207990
0,231727
0,102233
0,237850
0,246065
0,224976
0,239198
0,205421
0,180537
0,241991
0,058024
0,231799
0,066362
0,076868
0,231051
0,071420
0,188827
0,237411
0,224962
0,162191
0,214439
0,235304
0,146221
0,111574
0,234703
0,191003
0,141765
0,241687
0,074313
0,150128
0,169616
0,235472
0,019861
0,083696
0,246090
0,244378
0,192531
0,227140
0,118623
0,077437
0,074485
0,207568
0,129967
0,245624
0,218576
0,167534
0,148075
0,158035
0,182494
0,204147
0,241380
0,180502
0,162335
0,179377
0,246010
0,193225
0,241515
0,131211
0,196919
0,239043
0,049559
0,242764
0,156231
0,238838
0,238198
0,244902
0,056996
0,225109
0,214208
0,051359
0,051036
0,231181
0,117038
0,193188
0,215089
0,008525
0,108686
0,229895
0,100449
0,059149
0,243801
0,182731
0,076025
0,079338
0,179333
0,245869
0,234459
0,183920
0,223433
0,020638
0,245779
0,243127
0,184885
0,142994
0,244480
0,070558
0,064744
0,053582
0,242564
0,130178
0,097245
0,075271
0,177972
0,191941
0,241415
0,245110
0,196129
0,145366
0,245087
0,230730
0,244872
0,232095
0,181222
0,071787
0,065005
0,242915
0,212680
0,073011
0,126008
0,245378
0,230254
0,174854
0,073064
0,201687
0,224608
0,187275
0,216023
0,244091
0,235175
0,061693
0,067680
0,219376
0,215755
0,202020
0,227079
0,075660
0,088533
0,242982
0,214910
0,245188
0,115821
0,178618
0,227758
0,242602
0,074041
0,120095
0,192420
0,232842
0,146127
0,175416
0,077030
0,031966
0,244601
0,246029
0,152615
0,233066
0,205228
0,107428
0,194069
0,177075
0,023216
0,035532
0,190884
0,243648
0,203200
0,159152
0,069769
0,065349
0,240788
0,207853
0,246084
0,158161
0,232977
0,238373
0,178384
0,172176
0,189019
0,238222
0,239387
0,129470
0,149685
0,074054
0,070187
0,180760
0,067829
0,145263
0,136632
0,054148
0,236580
0,245648
0,220886
0,077430
0,178560
0,075135
0,068132
0,245723
0,158504
0,213878
0,219449
0,190000
0,144989
0,103570
0,232416
0,224500
0,077457
0,062688
0,136249
0,237916
0,221650
0,183533
0,052539
0,218076
0,210545
0,240424
0,232287
0,204579
0,226818
0,156093
0,232400
0,216366
0,232685
0,190478
0,244152
0,186467
0,074323
0,191453
0,229032
0,159673
0,223837
0,244827
0,067863
0,246083
0,040110
0,236274
0,113904
0,237877
0,028957
0,067950
0,065309
0,246064
0,236670
0,083109
0,235564
0,233456
0,076582
0,069710
0,177795
0,076364
0,236564
0,214024
0,244554
0,071978
0,188355
0,191418
0,245752
0,146943
0,224096
0,140357
0,157181
0,076741
0,060822
0,155346
0,093357
0,158080
0,239988
0,226080
0,108207
0,080576
0,243078
0,190012
0,218861
0,070450
0,240708
0,245383
0,075217
0,076003
0,201241
0,179959
0,146324
0,238617
0,124370
0,076931
0,174031
0,077058
0,145407
0,228492
0,158405
0,077311
0,013809
0,230112
0,057985
0,054709
0,145505
0,130411
0,206818
0,025836
0,068382
0,074914
0,187774
0,124998
0,127097
0,043653
0,185843
0,228194
0,126881
0,211963
0,242461
0,098633
0,237063
0,127068
0,207305
0,194264
0,139892
0,220786
0,051932
0,207217
0,238512
0,090672
0,220112
0,238670
0,177553
0,149177
0,076978
0,148635
0,118284
0,197677
0,136277
0,232418
0,099771
0,245891
0,242770
0,203993
0,176731
0,063133
0,131047
0,231904
0,011949
0,177200
0,206894
0,185388
0,078844
0,236838
0,231381
0,192108
0,204797
0,245820
0,177059
0,240257
0,217093
0,239087
0,060424
0,241017
0,077127
0,188664
0,072064
0,125952
0,237809
0,105723
0,141578
0,218800
0,223616
0,236596
0,244209
0,076052
0,154573
0,143064
0,237799
0,243697
0,174652
0,245600
0,224303
0,245759
0,076095
0,133135
0,161195
0,244598
0,060831
0,163811
0,192705
0,066122
0,078373
0,182668
0,193985
0,199068
0,223648
0,225977
0,246093
0,184789
0,168691
0,244819
0,233930
0,242030
0,167620
0,126753
0,172327
0,229286
0,243589
0,241899
0,169298
0,236400
0,159865
0,246020
0,183350
0,212149
0,206856
0,246083
0,235863
0,245371
0,220461
0,162359
0,163840
0,235847
0,076857
0,234026
0,216400
0,204592
0,154155
0,224253
0,144747
0,168292
0,147771
0,157291
0,239477
0,213895
0,245947
0,226544
0,116300
0,063938
0,098590
0,122027
0,076891
0,224490
0,077461
0,182979
0,238134
0,141606
0,076758
0,229582
0,209641
0,222960
0,188144
0,138584
0,187600
0,208598
0,173344
0,144405
0,048630
0,245902
0,238033
0,230495
0,232795
0,132465
0,226416
0,226600
0,218979
0,036317
0,095236
0,111054
0,145697
0,245535
0,165828
0,053095
0,199284
0,192085
0,229255
0,225170
0,015051
0,063495
0,119522
0,197059
0,071273
0,223582
0,174906
0,232181
0,185809
0,172480
0,218657
0,115197
0,240333
0,242926
0,242491
0,246014
0,241580
0,203542
0,246019
0,075609
0,245841
0,156487
0,243107
0,245993
0,169331
0,241626
0,041501
0,142622
0,063136
0,218291
0,235771
0,243956
0,022346
0,062320
0,246088
0,151026
0,244214
0,236615
0,167731
0,201953
0,246090
0,111874
0,226184
0,231248
0,246065
0,064957
0,214513
0,181820
0,244387
0,076112
0,229175
0,230530
0,094324
0,017290
0,219490
0,099902
0,061308
0,245839
0,233857
0,112887
0,179365
0,241790
0,223801
0,205989
0,052305
0,111189
0,234178
0,113567
0,237879
0,008990
0,118248
0,071803
0,221835
0,246086
0,199475
0,205568
0,229741
0,233863
0,214610
0,114175
0,239309
0,245173
0,119662
0,188645
0,177049
0,219568
0,242754
0,236061
0,245214
0,244487
0,246088
0,245651
0,240942
0,131395
0,243944
0,178593
0,068990
0,216294
0,153040
0,140340
0,035760
0,099345
0,238548
0,077114
0,062907
0,213698
0,147916
0,218480
0,222450
0,217747
0,214432
0,077411
0,056076
0,231881
0,061575
0,199736
0,238859
0,069495
0,066858
0,077186
0,245622
0,223090
0,245881
0,208074
0,047629
0,243108
0,233716
0,068523
0,199908
0,246049
0,233484
0,067499
0,246094
0,199252
0,226769
0,069383
0,245241
0,221757
0,122264
0,194746
0,136192
0,242354
0,218298
0,156803
0,062079
0,193970
0,079292
0,245602
0,142051
0,215242
0,151800
0,182764
0,099242
0,245502
0,046357
0,077325
0,076245
0,218045
0,190142
0,158625
0,227684
0,119518
0,243543
0,246090
0,212754
0,060486
0,243275
0,118058
0,209798
0,175980
0,183154
0,232193
0,243760
0,135029
0,201096
0,076775
0,200654
0,103720
0,238706
0,177367
0,077309
0,089522
0,078972
0,243295
0,044690
0,199703
0,226984
0,182536
0,111473
0,218025
0,125997
0,077294
0,223318
0,222287
0,181954
0,076540
0,167973
0,210975
0,059148
0,202539
0,241992
0,183894
0,105632
0,245479
0,243428
0,179393
0,245140
0,230201
0,060826
0,245066
0,197698
0,189080
0,114967
0,207993
0,234367
0,085258
0,202202
0,049324
0,172573
0,244186
0,195602
0,178282
0,246089
0,167560
0,059227
0,245513
0,239625
0,244530
0,201458
0,065435
0,233406
0,234301
0,240739
0,060949
0,120852
0,244994
0,241450
0,243631
0,238480
0,028054
0,138726
0,243063
0,217149
0,187523
0,152593
0,050248
0,241809
0,171522
0,196091
0,104500
0,132998
0,160319
0,244576
0,229703
0,209117
0,077305
0,072528
0,127667
0,093255
0,068536
0,238893
0,225425
0,245443
0,235712
0,224904
0,245594
0,233160
0,151510
0,233497
0,181024
0,245964
0,236573
0,101314
0,213071
0,190058
0,243916
0,243812
0,244855
0,232470
0,239881
0,237985
0,189304
0,151040
0,241687
0,072805
0,207000
0,022887
0,228753
0,044475
0,148018
0,065881
0,047429
0,224684
0,077393
0,048125
0,245603
0,243008
0,239080
0,245995
0,072938
0,222734
0,244867
0,207699
0,051510
0,235129
0,223282
0,060573
0,177656
0,244084
0,094474
0,244793
0,241963
0,165353
0,186255
0,240070
0,074694
0,062035
0,191994
0,195567
0,195942
0,240626
0,231907
0,232583
0,245721
0,034801
0,244147
0,071265
0,246086
0,223416
0,235141
0,077376
0,149264
0,071665
0,062025
0,211473
0,163654
0,125992
0,246084
0,217625
0,190383
0,076205
0,155801
0,245219
0,157641
0,245248
0,210499
0,245387
0,240235
0,143347
0,148563
0,076695
0,029475
0,077340
0,242745
0,192621
0,105643
0,225666
0,126224
0,115754
0,177293
0,051670
0,113760
0,074993
0,238343
0,098870
0,219923
0,093766
0,127984
0,234241
0,213966
0,245950
0,242762
0,204948
0,244411
0,240873
0,115081
0,246065
0,053783
0,090190
0,152284
0,140628
0,246092
0,168084
0,167565
0,193898
0,208794
0,014270
0,167235
0,205921
0,199773
0,229004
0,190024
0,055621
0,232165
0,131999
0,192974
0,217034
0,159169
0,200617
0,207322
0,192561
0,235025
0,110274
0,215683
0,057762
0,222101
0,133526
0,246087
0,087469
0,197239
0,057109
0,112879
0,049022
0,121971
0,206139
0,190104
0,131406
0,234906
0,094727
0,246065
0,115481
0,187535
0,124653
0,220534
0,062833
0,172709
0,227701
0,116224
0,225929
0,067193
0,223900
0,177821
0,245972
0,213710
0,167519
0,163655
0,245355
0,200389
0,217483
0,238173
0,170273
0,075141
0,191468
0,176852
0,141163
0,208603
0,212761
0,214628
0,178805
0,242640
0,216848
0,223846
0,072572
0,122960
0,202903
0,098679
0,220070
0,244998
0,088704
0,245928
0,048728
0,237466
0,162362
0,175951
0,069104
0,203471
0,245013
0,133781
0,211272
0,161261
0,065108
0,241461
0,149704
0,102972
0,137823
0,088272
0,204810
0,187748
0,239845
0,113894
0,201789
0,164930
0,094997
0,145135
0,075114
0,087423
0,196242
0,204271
0,217621
0,214401
0,245643
0,246043
0,244625
0,093126
0,074941
0,115775
0,219846
0,244254
0,228538
0,241221
0,193025
0,138043
0,233078
0,239916
0,241811
0,172684
0,236443
0,060325
0,109479
0,244832
0,066869
0,137442
0,053387
0,233918
0,242387
0,221519
0,174182
0,043051
0,241623
0,175743
0,079739
0,166919
0,072313
0,245568
0,212404
0,208827
0,149246
0,210214
0,244690
0,204590
0,245958
0,198683
0,202037
0,062856
0,066453
0,245052
0,243866
0,245208
0,241185
0,242264
0,163090
0,246080
0,173467
0,193947
0,223485
0,177326
0,106171
0,245652
0,205048
0,107845
0,194892
0,109401
0,236689
0,245960
0,210788
0,022541
0,196254
0,246033
0,244863
0,221198
0,171516
0,186226
0,234524
0,073273
0,245215
0,193136
0,245636
0,076289
0,064537
0,225442
0,034219
0,246094
0,200699
0,072798
0,112587
0,191369
0,227372
0,128789
0,228004
0,062257
0,241443
0,228076
0,240478
0,183742
0,228468
0,216885
0,246036
0,169398
0,246063
0,147583
0,125204
0,195471
0,105274
0,230572
0,126337
0,205683
0,203875
0,026369
0,187511
0,231606
0,144865
0,170652
0,234659
0,191269
0,175187
0,165686
0,066277
0,231908
0,245615
0,141437
0,236273
0,244761
0,206790
0,220309
0,076833
0,138359
0,234694
0,078503
0,135988
0,236627
0,238809
0,165296
0,072325
0,232378
0,141464
0,231673
0,182188
0,211220
0,154302
0,118945
0,046590
0,040147
0,050271
0,143355
0,186691
0,187517
0,224063
0,050921
0,246086
0,217827
0,204236
0,156700
0,246044
0,150523
0,167458
0,245901
0,245895
0,208591
0,131723
0,185475
0,212869
0,201040
0,135543
0,245949
0,228058
0,118227
0,176535
0,228756
0,108112
0,077397
0,227861
0,245969
0,077792
0,244823
0,220515
0,245132
0,069346
0,239973
0,077358
0,227436
0,184197
0,229164
0,246076
0,236604
0,054665
0,230410
0,232141
0,206194
0,205407
0,224343
0,153551
0,236921
0,131493
0,238618
0,218755
0,244281
0,239203
0,243889
0,244369
0,150755
0,202355
0,059879
0,210376
0,083404
0,245368
0,246048
0,001943
0,240342
0,146728
0,060339
0,162666
0,077309
0,222778
0,185805
0,245288
0,242714
0,076090
0,138564
0,056737
0,235300
0,227981
0,196156
0,245655
0,227010
0,002379
0,236460
0,215194
0,160778
0,060304
0,233619
0,238593
0,136704
0,181176
0,239273
0,203600
0,208791
0,231871
0,246083
0,245547
0,205503
0,225213
0,174794
0,164966
0,124971
0,115336
0,216919
0,245244
0,176471
0,200165
0,074718
0,184482
0,035115
0,228513
0,074929
0,075908
0,076274
0,070329
0,245939
0,150976
0,221362
0,081798
0,224958
0,140330
0,071585
0,240629
0,182238
0,245785
0,173361
0,200906
0,204483
0,104244
0,065370
0,179023
0,182386
0,212765
0,241942
0,106831
0,076600
0,246090
0,091258
0,245029
0,234412
0,245565
0,072282
0,226233
0,225073
0,227602
0,203421
0,198347
0,115154
0,153325
0,135899
0,245650
0,243752
0,228898
0,240938
0,219978
0,242935
0,245983
0,245146
0,073239
0,242013
0,184106
0,224042
0,131160
0,167981
0,242977
0,077329
0,046993
0,086552
0,202516
0,213712
0,220465
0,155118
0,134923
0,061533
0,155255
0,239912
0,076859
0,233371
0,075403
0,056124
0,227985
0,238215
0,077075
0,245981
0,055814
0,163548
0,066684
0,175743
0,213102
0,221763
0,053660
0,242595
0,245687
0,016045
0,180086
0,245973
0,240774
0,087620
0,076725
0,077394
0,126972
0,228751
0,176620
0,070380
0,199214
0,164056
0,202228
0,104077
0,215604
0,233246
0,167819
0,242037
0,239658
0,066748
0,245533
0,245635
0,104426
0,242569
0,208034
0,177276
0,245649
0,153865
0,193349
0,125867
0,077213
0,238278
0,240825
0,192173
0,179450
0,168401
0,162408
0,224895
0,162823
0,214922
0,058376
0,054915
0,232310
0,117152
0,234637
0,145319
0,204436
0,152922
0,209376
0,243312
0,245798
0,231816
0,057775
0,205586
0,069565
0,237836
0,239634
0,239908
0,077361
0,146727
0,190215
0,107635
0,163850
0,206648
0,046491
0,077337
0,244338
0,221587
0,179680
0,055148
0,244987
0,231547
0,242229
0,077990
0,058101
0,219415
0,077460
0,072520
0,224040
0,195973
0,233516
0,178245
0,062638
0,243065
0,221425
0,038099
0,241809
0,070667
0,244809
0,245725
0,058798
0,192921
0,122483
0,208642
0,073845
0,053220
0,236081
0,235721
0,215773
0,228581
0,177816
0,224163
0,068127
0,213732
0,234108
0,244777
0,095801
0,244250
0,245395
0,242262
0,233067
0,087378
0,216315
0,222783
0,182709
0,225554
0,216315
0,187273
0,244890
0,189244
0,226550
0,230837
0,211828
0,076692
0,176289
0,240332
0,077611
0,177441
0,152798
0,245667
0,116058
0,233821
0,076834
0,218608
0,243824
0,128788
0,243790
0,230611
0,245971
0,200302
0,160085
0,239630
0,223848
0,212881
0,244265
0,156682
0,067185
0,210848
0,227603
0,161367
0,244146
0,142499
0,075617
0,241580
0,211216
0,215259
0,243896
0,085562
0,205177
0,079579
0,174602
0,238969
0,143029
0,128228
0,172457
0,157639
0,081207
0,147214
0,245510
0,115320
0,117495
0,190334
0,064235
0,199990
0,231402
0,136433
0,245816
0,076538
0,234626
0,191136
0,246059
0,149152
0,228361
0,227946
0,074505
0,230020
0,242575
0,158542
0,130126
0,048596
0,241361
0,077210
0,171554
0,073452
0,149837
0,141927
0,163818
0,135215
0,243188
0,192910
0,174073
0,075568
0,170838
0,194430
0,112163
0,080840
0,202651
0,246048
0,225916
0,067514
0,238115
0,083278
0,074649
0,065003
0,225687
0,207047
0,121680
0,157540
0,136341
0,194716
0,071490
0,075201
0,147936
0,058746
0,069089
0,175591
0,202965
0,209581
0,071062
0,097931
0,155638
0,063525
0,190759
0,242899
0,064879
0,210715
0,054578
0,241393
0,090993
0,086326
0,089053
0,071639
0,152292
0,187837
0,242263
0,208919
0,246040
0,021465
0,226724
0,160933
0,064028
0,188516
0,194031
0,153576
0,067917
0,240606
0,074043
0,144522
0,244027
0,223357
0,122003
0,187095
0,209543
0,167664
0,238731
0,055536
0,166125
0,240139
0,230460
0,196598
0,198211
0,077435
0,088571
0,245205
0,202290
0,236254
0,071098
0,241357
0,052269
0,246092
0,101694
0,067346
0,245847
0,245464
0,240544
0,243091
0,219269
0,200166
0,214862
0,243764
0,076836
0,239933
0,101009
0,179570
0,231226
0,077423
0,074566
0,240614
0,215880
0,208886
0,235954
0,150464
0,108033
0,242697
0,235665
0,155932
0,243390
0,077363
0,142855
0,245749
0,246030
0,227253
0,190561
0,120094
0,093060
0,122958
0,158674
0,154247
0,206291
0,229835
0,216585
0,078879
0,243566
0,148976
0,245859
0,190344
0,097001
0,218588
0,050379
0,187643
0,132382
0,233173
0,246087
0,209410
0,150321
0,244658
0,206333
0,219073
0,077461
0,095099
0,050312
0,072912
0,115913
0,147782
0,164247
0,191366
0,062466
0,240580
0,231856
0,228320
0,130488
0,243669
0,151455
0,246093
0,117482
0,232196
0,223583
0,149609
0,068640
0,147090
0,089453
0,232085
0,243508
0,225533
0,212236
0,238564
0,063000
0,229255
0,245631
0,206551
0,141913
0,162588
0,238854
0,210535
0,073204
0,117621
0,203401
0,243977
0,224394
0,226223
0,188109
0,226819
0,164242
0,156810
0,226283
0,102517
0,077246
0,189773
0,081989
0,118940
0,234676
0,221003
0,209581
0,213546
0,132149
0,061692
0,241607
0,053393
0,216709
0,170125
0,203757
0,199539
0,244790
0,242414
0,208347
0,233567
0,200633
0,221068
0,243462
0,170461
0,126005
0,073649
0,076197
0,183082
0,183782
0,167127
0,197754
0,077458
0,153283
0,241324
0,243936
0,242817
0,170770
0,102582
0,217212
0,173558
0,214209
0,105246
0,222085
0,245521
0,071805
0,233401
0,065339
0,160840
0,066108
0,234957
0,160529
0,072756
0,234239
0,241291
0,243033
0,107869
0,066364
0,168002
0,149954
0,164352
0,226933
0,135859
0,227451
0,136187
0,234870
0,232249
0,221082
0,152978
0,202870
0,221380
0,245352
0,244151
0,108935
0,238519
0,245538
0,245668
0,099694
0,241801
0,165227
0,076145
0,245111
0,238729
0,075039
0,115535
0,239645
0,217073
0,243643
0,244913
0,141689
0,182765
0,187700
0,242579
0,239000
0,243625
0,200439
0,237132
0,120919
0,232216
0,083258
0,143613
0,242322
0,191976
0,078454
0,126261
0,172231
0,245104
0,202618
0,194628
0,191588
0,223582
0,070364
0,072246
0,232017
0,076681
0,245477
0,187453
0,218805
0,029229
0,186759
0,227976
0,242204
0,058650
0,218228
0,206056
0,070642
0,238600
0,034989
0,229985
0,236197
0,243784
0,182187
0,154592
0,246024
0,067544
0,131626
0,240462
0,220717
0,126393
0,217613
0,077291
0,215272
0,216689
0,137396
0,215544
0,226838
0,057858
0,154033
0,196505
0,124663
0,075555
0,225539
0,231633
0,155797
0,244007
0,231676
0,244362
0,243208
0,071664
0,186549
0,019979
0,244656
0,176421
0,208134
0,233234
0,239195
0,215717
0,196767
0,077014
0,148764
0,080093
0,173258
0,140514
0,055270
0,070893
0,150972
0,239514
0,210507
0,094550
0,230464
0,203992
0,240256
0,083412
0,169397
0,245795
0,242745
0,049656
0,244133
0,149559
0,242615
0,192885
0,205495
0,175359
0,187567
0,245264
0,236867
0,225080
0,125907
0,062799
0,207393
0,223843
0,039740
0,110091
0,245700
0,069561
0,241254
0,181317
0,236381
0,206364
0,223236
0,190774
0,035446
0,075107
0,237352
0,133100
0,245521
0,071964
0,077104
0,063909
0,136662
0,232831
0,045452
0,101960
0,074323
0,077298
0,235285
0,184727
0,126026
0,212574
0,071704
0,242963
0,239258
0,180313
0,073949
0,101244
0,072268
0,240435
0,242823
0,245825
0,162739
0,220149
0,112487
0,074631
0,120337
0,239392
0,159903
0,145737
0,068176
0,221758
0,189912
0,068944
0,197668
0,223087
0,094656
0,225809
0,245753
0,126724
0,098610
0,164225
0,241463
0,200852
0,239326
0,115912
0,229304
0,228370
0,055460
0,219854
0,213891
0,227960
0,183953
0,160077
0,115835
0,166842
0,199450
0,076745
0,237561
0,167730
0,245579
0,067929
0,190257
0,077383
0,226507
0,088587
0,240975
0,222244
0,246035
0,159975
0,139322
0,168726
0,077434
0,193542
0,210315
0,234086
0,237871
0,039014
0,240788
0,074764
0,154703
0,244967
0,096488
0,246092
0,069964
0,239129
0,192033
0,238880
0,072559
0,146250
0,200536
0,238673
0,120156
0,074126
0,244171
0,208897
0,231283
0,208007
0,132961
0,124873
0,245980
0,133550
0,067272
0,077373
0,053097
0,129366
0,127941
0,134973
0,240727
0,126460
0,222842
0,226562
0,070870
0,162469
0,241435
0,069862
0,241064
0,204888
0,220456
0,225327
0,244424
0,176955
0,240327
0,243576
0,114301
0,210659
0,243732
0,233894
0,071121
0,074805
0,156284
0,145449
0,116258
0,229071
0,183067
0,136922
0,246090
0,235697
0,220223
0,078756
0,075099
0,221326
0,225062
0,036736
0,190859
0,245331
0,243724
0,071328
0,070511
0,241477
0,075235
0,132305
0,111767
0,231996
0,179682
0,111934
0,231631
0,075802
0,161087
0,233730
0,168187
0,210397
0,243428
0,244433
0,205792
0,245739
0,220602
0,068448
0,074286
0,155178
0,245960
0,205880
0,210662
0,189412
0,026056
0,123906
0,218472
0,245916
0,245838
0,185570
0,244390
0,138519
0,151765
0,234129
0,230404
0,213925
0,232392
0,223600
0,068699
0,097421
0,121473
0,188432
0,164469
0,193728
0,244266
0,235113
0,245683
0,169982
0,203614
0,064265
0,240475
0,241142
0,063826
0,056358
0,233938
0,225819
0,196218
0,221424
0,111566
0,179799
0,235887
0,166066
0,015617
0,185857
0,235853
0,077277
0,058791
0,212886
0,155710
0,240480
0,077451
0,060563
0,199646
0,217724
0,206369
0,238551
0,238258
0,206407
0,163820
0,209687
0,218625
0,218365
0,237710
0,223185
0,136553
0,245354
0,245974
0,244598
0,231297
0,245477
0,074588
0,174277
0,237506
0,191932
0,215849
0,243522
0,093383
0,131263
0,196574
0,185393
0,243918
0,078151
0,223669
0,120695
0,243276
0,081530
0,187894
0,071004
0,056445
0,122119
0,175358
0,207553
0,070146
0,196710
0,148780
0,140023
0,155812
0,068784
0,030744
0,226757
0,245979
0,240364
0,077310
0,043850
0,168635
0,075441
0,233188
0,245700
0,148675
0,223610
0,190951
0,241563
0,154296
0,063650
0,071867
0,214713
0,226394
0,220206
0,183112
0,199685
0,053677
0,129881
0,209431
0,151609
0,189456
0,240345
0,244323
0,094522
0,226503
0,209063
0,075885
0,181212
0,209306
0,080845
0,236299
0,046664
0,190210
0,206566
0,036110
0,231683
0,224005
0,028525
0,121030
0,166218
0,050256
0,234676
0,185162
0,201831
0,215636
0,226797
0,245379
0,245066
0,057176
0,153931
0,209906
0,208005
0,110543
0,245797
0,057042
0,129464
0,197159
0,214056
0,245153
0,162687
0,245205
0,244971
0,076149
0,241939
0,137912
0,075330
0,196376
0,059784
0,098246
0,053158
0,067734
0,245997
0,208111
0,193248
0,175342
0,245714
0,206781
0,077322
0,225535
0,245932
0,238124
0,076381
0,075759
0,077459
0,144226
0,233192
0,236729
0,030576
0,166180
0,240405
0,086159
0,234726
0,163204
0,195572
0,237926
0,160267
0,077298
0,086621
0,058308
0,073720
0,239528
0,242827
0,244823
0,244671
0,205320
0,235754
0,087524
0,078773
0,045548
0,133182
0,242275
0,076123
0,229220
0,220813
0,239654
0,085057
0,211135
0,170284
0,136143
0,123066
0,153343
0,245841
0,203684
0,163020
0,196021
0,237523
0,202877
0,224503
0,244922
0,211885
0,242989
0,233841
0,177743
0,233610
0,009417
0,189131
0,047732
0,182305
0,136450
0,076270
0,211902
0,240434
0,233357
0,244598
0,233473
0,245583
0,046160
0,233444
0,095641
0,225344
0,199850
0,121883
0,184473
0,074843
0,245013
0,073797
0,244533
0,026740
0,245852
0,191333
0,234596
0,130077
0,231009
0,226987
0,143847
0,235797
0,229011
0,211402
0,245798
0,244583
0,175752
0,175690
0,221436
0,231980
0,243566
0,198387
0,245582
0,245138
0,007751
0,212168
0,214761
0,240311
0,240702
0,228580
0,118411
0,241896
0,246013
0,245238
0,241290
0,072063
0,215760
0,132912
0,204453
0,241450
0,242398
0,243177
0,103676
0,116167
0,067706
0,222533
0,149497
0,097906
0,181219
0,246066
0,221574
0,225586
0,245997
0,155763
0,226853
0,222769
0,022823
0,228547
0,073365
0,222384
0,072158
0,030581
0,191904
0,110499
0,235488
0,223362
0,088325
0,055223
0,224049
0,106242
0,227093
0,076861
0,058564
0,076174
0,079294
0,106298
0,239476
0,124681
0,184707
0,093611
0,205785
0,055461
0,138730
0,242370
0,158445
0,219529
0,077454
0,108196
0,190540
0,147986
0,185628
0,225288
0,117247
0,169793
0,245824
0,194134
0,136611
0,078304
0,167221
0,217695
0,084099
0,071320
0,151653
0,231810
0,083974
0,221022
0,226787
0,242465
0,176737
0,149060
0,241850
0,083442
0,228006
0,243307
0,209750
0,224315
0,245234
0,063945
0,220123
0,243318
0,176614
0,236057
0,180230
0,239621
0,093218
0,245872
0,242348
0,077308
0,132455
0,243685
0,064895
0,232354
0,234292
0,180761
0,197178
0,101238
0,245828
0,057240
0,224274
0,246048
0,236853
0,055470
0,054714
0,228252
0,223540
0,058224
0,236960
0,241112
0,114807
0,241132
0,114904
0,198531
0,246012
0,118209
0,232748
0,090966
0,145555
0,243211
0,073031
0,072765
0,238217
0,243433
0,190798
0,171226
0,055459
0,203204
0,239193
0,075909
0,218614
0,067254
0,109523
0,203251
0,205348
0,020209
0,077100
0,219318
0,047459
0,115133
0,205749
0,187752
0,244411
0,062687
0,242198
0,244209
0,182394
0,157530
0,077444
0,235476
0,245861
0,035593
0,122147
0,218707
0,128246
0,242589
0,200003
0,221908
0,230076
0,203324
0,231981
0,173557
0,070134
0,232969
0,240104
0,208015
0,215217
0,245953
0,063826
0,244000
0,167891
0,215179
0,071394
0,182013
0,244045
0,245980
0,187081
0,121192
0,074434
0,221959
0,216577
0,138188
0,236998
0,245693
0,075301
0,144445
0,125364
0,230250
0,089403
0,084954
0,076900
0,244831
0,077416
0,080531
0,238285
0,150156
0,243689
0,059174
0,158051
0,184159
0,244629
0,199141
0,202559
0,238890
0,229281
0,163714
0,140232
0,205630
0,173127
0,176506
0,095797
0,096214
0,066273
0,244453
0,158494
0,071067
0,240290
0,234314
0,082286
0,196166
0,101701
0,205824
0,239835
0,152256
0,234879
0,186756
0,159915
0,127322
0,052606
0,169177
0,192843
0,155477
0,068438
0,235870
0,165802
0,217350
0,230338
0,054329
0,206882
0,090346
0,156665
0,244868
0,236974
0,226233
0,166301
0,234308
0,202407
0,072791
0,231265
0,077313
0,200219
0,241030
0,243907
0,145744
0,206487
0,171562
0,077298
0,172390
0,069523
0,080949
0,072466
0,152630
0,104208
0,240765
0,225524
0,224804
0,207635
0,077213
0,148926
0,185281
0,245465
0,077309
0,210662
0,234642
0,233626
0,242996
0,244854
0,175563
0,055237
0,211811
0,195228
0,229955
0,184200
0,177304
0,245454
0,241435
0,074968
0,245406
0,173116
0,077456
0,152311
0,230353
0,181796
0,196850
0,232430
0,201944
0,084712
0,242421
0,110433
0,108100
0,209680
0,242647
0,075588
0,205886
0,109085
0,211674
0,097914
0,062736
0,209286
0,187780
0,188227
0,232892
0,203471
0,071563
0,074717
0,232330
0,178612
0,113215
0,242215
0,245971
0,231944
0,237033
0,240033
0,241597
0,212965
0,233343
0,221102
0,093297
0,049179
0,161439
0,126831
0,191884
0,181486
0,243422
0,193744
0,186255
0,177646
0,102545
0,173470
0,193727
0,073725
0,108057
0,164555
0,197045
0,104228
0,211834
0,204137
0,112502
0,239668
0,157328
0,243363
0,052797
0,196516
0,228504
0,181398
0,125503
0,230130
0,072674
0,121222
0,129086
0,240071
0,141490
0,244250
0,223419
0,239164
0,082673
0,066169
0,230030
0,200332
0,246063
0,196562
0,068465
0,238660
0,233431
0,235096
0,055025
0,227238
0,220509
0,242089
0,062329
0,047594
0,077351
0,077041
0,230939
0,233867
0,241831
0,236502
0,115552
0,246091
0,232748
0,077325
0,194114
0,176925
0,181199
0,246089
0,070894
0,046232
0,242858
0,134589
0,231535
0,074103
0,241866
0,036103
0,243114
0,244099
0,245974
0,228329
0,154668
0,176591
0,244541
0,225250
0,235662
0,230619
0,229566
0,244990
0,019178
0,232468
0,223590
0,229809
0,246057
0,074310
0,232034
0,242145
0,056568
0,125891
0,245165
0,209739
0,068609
0,214432
0,225691
0,076215
0,088324
0,071236
0,134360
0,121396
0,069753
0,217646
0,233267
0,085408
0,101007
0,233460
0,064736
0,058381
0,184753
0,238655
0,125237
0,240734
0,237670
0,071575
0,082718
0,243655
0,076929
0,132606
0,195579
0,095570
0,148411
0,191691
0,233456
0,241803
0,064105
0,143762
0,246030
0,171561
0,124195
0,231063
0,023581
0,190638
0,076223
0,160060
0,243829
0,054545
0,047669
0,228746
0,174916
0,185673
0,233873
0,151398
0,104512
0,089946
0,241503
0,163208
0,242315
0,242766
0,104526
0,246088
0,244074
0,220480
0,056516
0,231245
0,088169
0,176393
0,216016
0,244335
0,244940
0,211455
0,246092
0,035126
0,224902
0,231852
0,243191
0,048604
0,212970
0,235008
0,126999
0,075722
0,207663
0,245205
0,196474
0,193178
0,176809
0,106879
0,114738
0,075630
0,078679
0,199874
0,052693
0,080017
0,198555
0,237696
0,243624
0,075211
0,241487
0,112706
0,094182
0,235442
0,199644
0,187080
0,243682
0,241190
0,245093
0,244083
0,146735
0,239692
0,145875
0,186748
0,225692
0,218162
0,072689
0,226387
0,244516
0,202224
0,152306
0,072975
0,240240
0,240826
0,233903
0,237360
0,071928
0,076567
0,227626
0,194379
0,245867
0,067735
0,173508
0,213681
0,240148
0,032158
0,245813
0,067174
0,188698
0,148286
0,068760
0,196845
0,130445
0,074532
0,246092
0,204897
0,244431
0,234974
0,245823
0,244149
0,245989
0,244210
0,229117
0,229809
0,238617
0,018521
0,070849
0,214314
0,033375
0,055537
0,171500
0,240872
0,245393
0,149147
0,245790
0,067011
0,232468
0,094343
0,229564
0,176947
0,053297
0,040884
0,221268
0,216314
0,244017
0,188198
0,201706
0,101337
0,174225
0,245865
0,246093
0,241176
0,245406
0,237000
0,164139
0,206611
0,123353
0,173245
0,152185
0,183491
0,076878
0,246090
0,245875
0,075692
0,124639
0,098370
0,053176
0,242077
0,057178
0,034003
0,162868
0,237529
0,120938
0,180122
0,236630
0,062813
0,232703
0,144929
0,242958
0,245129
0,236785
0,239210
0,245412
0,202606
0,193004
0,135601
0,175495
0,245884
0,179827
0,218476
0,246092
0,087188
0,061260
0,242395
0,124145
0,234431
0,199929
0,231629
0,187623
0,134446
0,218418
0,074781
0,165990
0,245932
0,049082
0,246030
0,058014
0,227003
0,076354
0,028378
0,199861
0,244629
0,236883
0,012020
0,242484
0,070577
0,203180
0,155965
0,203914
0,209051
0,209768
0,241107
0,238786
0,077176
0,245660
0,061465
0,189790
0,183908
0,184382
0,131760
0,062938
0,206249
0,236228
0,077459
0,200598
0,191815
0,066080
0,220727
0,172045
0,217920
0,241310
0,049593
0,243209
0,195783
0,050261
0,214792
0,199127
0,093875
0,221911
0,244134
0,232904
0,064299
0,224585
0,073438
0,236948
0,218554
0,224077
0,245610
0,244564
0,157712
0,108490
0,067293
0,157408
0,121508
0,245919
0,162983
0,036662
0,112554
0,124204
0,104682
0,052747
0,184690
0,113480
0,200890
0,217528
0,245845
0,176019
0,110577
0,241793
0,070457
0,063627
0,063228
0,245479
0,141244
0,029417
0,119963
0,125832
0,224117
0,061247
0,096764
0,195259
0,239973
0,241205
0,195243
0,213932
0,140334
0,030858
0,220860
0,197338
0,181774
0,187185
0,228642
0,181514
0,243305
0,214089
0,245679
0,049366
0,231112
0,072914
0,245776
0,229545
0,184624
0,217552
0,242463
0,076728
0,230404
0,097440
0,076162
0,245204
0,074482
0,136097
0,137265
0,238084
0,066779
0,153813
0,178073
0,149854
0,132248
0,206540
0,241142
0,183835
0,201730
0,246093
0,040566
0,193128
0,071720
0,242934
0,174207
0,093545
0,244460
0,076682
0,220681
0,198107
0,198404
0,238253
0,240831
0,170790
0,244129
0,212633
0,225400
0,189775
0,245817
0,211384
0,122003
0,075808
0,201015
0,056215
0,229936
0,216179
0,224517
0,074364
0,139934
0,089336
0,230922
0,189734
0,168890
0,241452
0,137184
0,199421
0,101936
0,077015
0,054638
0,061332
0,245282
0,093858
0,220984
0,241659
0,242722
0,240592
0,036173
0,074904
0,168453
0,216259
0,234327
0,175411
0,232022
0,067680
0,236650
0,173373
0,245870
0,073266
0,238491
0,216342
0,244157
0,077417
0,077419
0,240716
0,064072
0,053798
0,190181
0,163888
0,246090
0,191460
0,217655
0,086541
0,220321
0,072509
0,246055
0,234098
0,075821
0,238886
0,128006
0,058116
0,168133
0,220717
0,075666
0,206512
0,073109
0,207034
0,211515
0,211701
0,215664
0,109433
0,246046
0,211527
0,215344
0,121033
0,239665
0,241467
0,227645
0,182789
0,073237
0,181642
0,118346
0,101621
0,245464
0,220816
0,188802
0,135764
0,224988
0,241814
0,052145
0,132662
0,246087
0,226894
0,156972
0,059790
0,240724
0,237190
0,082402
0,034217
0,192891
0,245484
0,077307
0,054357
0,184328
0,171928
0,143315
0,202062
0,175090
0,126530
0,221613
0,112159
0,135287
0,235601
0,239763
0,223861
0,161579
0,055169
0,194385
0,087356
0,224097
0,205713
0,148292
0,217276
0,180949
0,186436
0,221390
0,213431
0,245697
0,208398
0,217019
0,242519
0,224685
0,232667
0,244581
0,177162
0,222657
0,193622
0,240278
0,191040
0,077150
0,189091
0,063155
0,214432
0,091037
0,016514
0,212914
0,244492
0,152183
0,069771
0,239311
0,235718
0,067145
0,245964
0,108822
0,159889
0,240851
0,174020
0,182793
0,170383
0,226365
0,171728
0,244026
0,073100
0,077277
0,173135
0,140247
0,245318
0,131111
0,211198
0,203458
0,157051
0,166361
0,093796
0,210643
0,071540
0,246076
0,014710
0,215311
0,016217
0,246092
0,146123
0,113532
0,096001
0,043101
0,241055
0,198216
0,200040
0,222778
0,060204
0,192998
0,200534
0,166477
0,143994
0,157589
0,245212
0,079901
0,183429
0,220400
0,209270
0,083655
0,213203
0,011693
0,042402
0,211920
0,060895
0,224973
0,240994
0,179960
0,227921
0,184556
0,060369
0,209003
0,241365
0,197920
0,244723
0,146389
0,209298
0,237446
0,174167
0,227404
0,245245
0,069309
0,100643
0,246087
0,066250
0,057462
0,225026
0,232361
0,245425
0,130850
0,182410
0,056921
0,244841
0,068430
0,245547
0,245994
0,246017
0,143332
0,211432
0,121827
0,043391
0,160519
0,238581
0,074387
0,168569
0,233967
0,226519
0,138449
0,161228
0,105586
0,137979
0,191224
0,144858
0,193554
0,238541
0,073895
0,244026
0,243975
0,244713
0,075584
0,220224
0,069734
0,065563
0,242884
0,193216
0,219610
0,072526
0,235711
0,237685
0,238268
0,241008
0,178629
0,075359
0,057090
0,210256
0,171773
0,078928
0,234262
0,103733
0,205469
0,161317
0,074549
0,062701
0,225309
0,241150
0,242446
0,246075
0,061676
0,245856
0,236281
0,198240
0,095241
0,119631
0,216701
0,076897
0,237053
0,161093
0,071129
0,245263
0,063471
0,238061
0,055437
0,240919
0,137486
0,224228
0,245652
0,237529
0,073263
0,242516
0,095950
0,144780
0,223806
0,215538
0,028999
0,244568
0,054090
0,219354
0,246024
0,223828
0,231157
0,203518
0,227365
0,150945
0,077415
0,118151
0,242905
0,075719
0,177190
0,015372
0,072980
0,167386
0,076247
0,085907
0,066446
0,227420
0,244205
0,068097
0,072348
0,062593
0,071653
0,147251
0,230923
0,210016
0,245700
0,246019
0,198168
0,243188
0,071670
0,246086
0,195811
0,196578
0,246072
0,176046
0,223973
0,127824
0,226159
0,152786
0,159023
0,048439
0,074776
0,245528
0,112538
0,234070
0,200960
0,127132
0,116942
0,194941
0,237440
0,106633
0,230699
0,198693
0,044841
0,082181
0,076866
0,160219
0,212632
0,180765
0,242041
0,233349
0,077428
0,073140
0,245256
0,150384
0,246072
0,213432
0,070451
0,065358
0,108117
0,199669
0,072062
0,077458
0,220159
0,243735
0,244473
0,178759
0,111258
0,236991
0,206699
0,229375
0,216769
0,125547
0,242490
0,226350
0,215740
0,244247
0,191181
0,073096
0,231887
0,244902
0,193102
0,200543
0,243571
0,242479
0,189620
0,176035
0,077367
0,159510
0,075967
0,168378
0,236122
0,146339
0,231498
0,127892
0,075888
0,236220
0,064608
0,072005
0,149211
0,218556
0,241278
0,223937
0,072850
0,137691
0,064976
0,142138
0,225726
0,171215
0,134032
0,204888
0,035341
0,068075
0,245699
0,182380
0,166458
0,149823
0,226878
0,032238
0,243942
0,205721
0,222998
0,041776
0,153731
0,062826
0,237367
0,199164
0,077213
0,181559
0,164052
0,155159
0,237793
0,075941
0,246019
0,152003
0,236005
0,240709
0,071668
0,241450
0,136663
0,057603
0,242764
0,185037
0,076428
0,060424
0,113734
0,221338
0,245956
0,181053
0,075852
0,187502
0,234467
0,098809
0,245403
0,246056
0,206567
0,242488
0,172661
0,067397
0,115039
0,244965
0,224061
0,123113
0,211257
0,222449
0,244726
0,202651
0,231692
0,071828
0,150719
0,232745
0,075849
0,217153
0,237103
0,200278
0,077389
0,245159
0,211678
0,162853
0,237984
0,183362
0,072046
0,093314
0,182084
0,150166
0,211049
0,112472
0,069948
0,068298
0,181534
0,136000
0,214595
0,069627
0,146808
0,137378
0,022857
0,064848
0,075774
0,197236
0,229727
0,086487
0,161512
0,226566
0,236999
0,195600
0,180762
0,157525
0,011985
0,243306
0,181235
0,242515
0,065418
0,241782
0,245301
0,245847
0,202799
0,043556
0,239445
0,168328
0,148189
0,089050
0,192570
0,141817
0,213309
0,239230
0,240239
0,237414
0,219982
0,184898
0,077515
0,224080
0,234441
0,243105
0,070609
0,227051
0,077387
0,228877
0,026533
0,217496
0,175320
0,225590
0,232922
0,129205
0,244281
0,245487
0,223484
0,188324
0,191710
0,072573
0,173696
0,142810
0,075383
0,243642
0,246091
0,245361
0,216352
0,095482
0,123013
0,232350
0,219676
0,244770
0,239202
0,245817
0,177578
0,049881
0,123529
0,214669
0,155090
0,209725
0,061508
0,233261
0,236424
0,243310
0,171374
0,182679
0,208448
0,070051
0,170225
0,243945
0,170884
0,129985
0,245253
0,153642
0,246090
0,244049
0,242332
0,246027
0,185322
0,136189
0,057543
0,236724
0,197404
0,167698
0,076917
0,167690
0,239824
0,148099
0,229692
0,031754
0,094662
0,185683
0,009352
0,239669
0,188890
0,174024
0,224182
0,193883
0,153707
0,051379
0,151067
0,234344
0,230119
0,199323
0,193318
0,239822
0,243118
0,227184
0,244139
0,241411
0,238501
0,230688
0,174293
0,201122
0,210288
0,240923
0,214753
0,230040
0,217523
0,072653
0,132187
0,229904
0,069337
0,129303
0,171786
0,149218
0,230549
0,043596
0,182019
0,057790
0,140357
0,228162
0,240245
0,176843
0,176094
0,239899
0,230053
0,179150
0,230951
0,197638
0,161804
0,227864
0,125943
0,076789
0,027398
0,122672
0,231180
0,057183
0,242256
0,229680
0,244797
0,071826
0,076734
0,061749
0,236181
0,108694
0,213222
0,062273
0,246041
0,241177
0,075844
0,189883
0,055170
0,202270
0,193293
0,054291
0,237633
0,182143
0,237715
0,244823
0,062997
0,238140
0,243566
0,165790
0,242691
0,207359
0,208442
0,229758
0,245808
0,239659
0,222674
0,104862
0,236634
0,057490
0,212237
0,246075
0,052484
0,087696
0,118036
0,242331
0,245877
0,063270
0,172320
0,220784
0,120511
0,076435
0,215177
0,185346
0,244222
0,220678
0,191565
0,038281
0,242326
0,071265
0,187617
0,228982
0,244731
0,235790
0,094315
0,244016
0,158294
0,235756
0,219252
0,246083
0,150573
0,244737
0,064254
0,246068
0,172801
0,187078
0,200319
0,243910
0,068863
0,164376
0,239938
0,211235
0,063210
0,245877
0,234864
0,165532
0,240770
0,184124
0,214733
0,245205
0,094986
0,242758
0,217112
0,234339
0,165391
0,222521
0,193901
0,245994
0,244662
0,213603
0,040181
0,219031
0,196610
0,236137
0,069715
0,227824
0,051975
0,077369
0,186249
0,238120
0,137821
0,196408
0,238748
0,075312
0,236378
0,077226
0,245691
0,201214
0,132301
0,180010
0,060204
0,242638
0,244397
0,220567
0,143084
0,194927
0,205364
0,081135
0,073205
0,141026
0,242485
0,203367
0,245576
0,217842
0,245858
0,124187
0,242858
0,203572
0,143032
0,211022
0,123795
0,128690
0,229189
0,163558
0,119190
0,163698
0,234935
0,097890
0,233389
0,204223
0,221382
0,077091
0,133999
0,226865
0,031374
0,115311
0,202298
0,161672
0,239135
0,086024
0,178487
0,240586
0,245867
0,244583
0,046427
0,109285
0,081978
0,193228
0,177198
0,120922
0,074906
0,243508
0,197167
0,246008
0,086025
0,063035
0,076854
0,074599
0,232148
0,152158
0,061653
0,242949
0,224001
0,240816
0,067767
0,117380
0,179189
0,243158
0,240066
0,040612
0,219386
0,237182
0,193754
0,220910
0,224054
0,242336
0,188233
0,077388
0,077403
0,245965
0,080380
0,242908
0,036903
0,227716
0,200085
0,029697
0,243657
0,232210
0,243537
0,209355
0,237838
0,067798
0,071163
0,228362
0,143616
0,177853
0,077173
0,237197
0,058604
0,076148
0,163870
0,129139
0,245990
0,075993
0,148710
0,062667
0,191840
0,209937
0,123998
0,069492
0,244570
0,243078
0,139146
0,146302
0,245840
0,192968
0,189785
0,135124
0,231876
0,236299
0,077454
0,224572
0,166306
0,245994
0,110831
0,243494
0,036447
0,181823
0,133365
0,145122
0,093152
0,223587
0,240650
0,128692
0,155227
0,097826
0,077284
0,243018
0,205322
0,231364
0,043773
0,245122
0,244340
0,138259
0,239919
0,243593
0,122865
0,081852
0,243940
0,057650
0,240939
0,190093
0,155614
0,102029
0,162907
0,208865
0,223969
0,242354
0,090827
0,060192
0,236986
0,174645
0,075853
0,071817
0,215924
0,084374
0,187800
0,246094
0,018431
0,238502
0,225381
0,212393
0,145244
0,062606
0,232460
0,235670
0,244211
0,160860
0,208664
0,182494
0,070970
0,213451
0,019230
0,242406
0,244386
0,227257
0,172704
0,073946
0,201402
0,227956
0,224646
0,093347
0,037780
0,154524
0,184109
0,240055
0,177102
0,076970
0,173965
0,227980
0,229749
0,188107
0,125102
0,076619
0,234868
0,047658
0,234185
0,213367
0,244752
0,148751
0,240466
0,215560
0,203835
0,172647
0,244961
0,224334
0,199911
0,231916
0,054766
0,062333
0,136747
0,026745
0,015310
0,027169
0,158247
0,241063
0,245687
0,206870
0,243305
0,243626
0,050367
0,113322
0,246051
0,200574
0,242440
0,085896
0,231730
0,131824
0,192006
0,241863
0,241887
0,127150
0,109928
0,218276
0,245474
0,245252
0,196686
0,245258
0,243302
0,041693
0,211476
0,162815
0,222318
0,246007
0,193354
0,242334
0,228943
0,245007
0,069556
0,173176
0,119029
0,241334
0,156543
0,071945
0,194005
0,245718
0,245880
0,046951
0,189678
0,067137
0,152935
0,209191
0,238170
0,209097
0,077421
0,192646
0,246030
0,239543
0,240336
0,242957
0,071320
0,074825
0,166547
0,243863
0,217634
0,183236
0,047000
0,155134
0,238876
0,022977
0,150210
0,216798
0,150556
0,245449
0,136521
0,245336
0,234363
0,218358
0,226615
0,103247
0,214749
0,023541
0,084560
0,076939
0,240268
0,210047
0,201439
0,245993
0,059548
0,075253
0,048563
0,171185
0,243772
0,077028
0,245907
0,121431
0,198595
0,139612
0,242504
0,227989
0,243425
0,237349
0,061340
0,226776
0,229108
0,241778
0,231303
0,224815
0,018981
0,069475
0,178155
0,076605
0,244680
0,216760
0,192925
0,230487
0,115967
0,113989
0,222579
0,203229
0,165520
0,222497
0,243863
0,246038
0,242090
0,194770
0,066390
0,212423
0,204388
0,197142
0,246074
0,245415
0,234292
0,208170
0,130442
0,245348
0,209576
0,203422
0,134047
0,242258
0,057271
0,240021
0,135030
0,244386
0,242853
0,148642
0,141899
0,244112
0,199736
0,136825
0,123318
0,176778
0,149158
0,054269
0,186622
0,237888
0,163359
0,246079
0,153420
0,244006
0,234147
0,220803
0,238168
0,234801
0,142140
0,195212
0,245882
0,094849
0,055360
0,208430
0,233110
0,240075
0,115367
0,006487
0,241530
0,243076
0,227215
0,057017
0,201600
0,192120
0,234718
0,072232
0,055933
0,174307
0,246023
0,243032
0,198964
0,075956
0,216605
0,241458
0,241678
0,185901
0,198945
0,225535
0,142057
0,234842
0,065939
0,244710
0,061231
0,239122
0,217636
0,230790
0,088198
0,238725
0,215840
0,073468
0,056370
0,068350
0,216375
0,099760
0,064916
0,202340
0,218634
0,244986
0,224871
0,109994
0,245390
0,236326
0,120298
0,236149
0,028171
0,052593
0,138428
0,217771
0,164843
0,187956
0,234718
0,113088
0,216343
0,242944
0,048973
0,243765
0,222002
0,076894
0,049636
0,246067
0,059837
0,246038
0,227645
0,231674
0,109312
0,189450
0,239880
0,073252
0,158923
0,163162
0,233227
0,236192
0,160603
0,245633
0,146712
0,207591
0,185551
0,171970
0,074370
0,246013
0,203602
0,059360
0,215702
0,246094
0,240887
0,203713
0,068382
0,138937
0,198701
0,215133
0,141669
0,234875
0,242304
0,189655
0,245519
0,194002
0,236939
0,092156
0,226237
0,229828
0,136278
0,198553
0,147078
0,241604
0,214598
0,187407
0,097323
0,042879
0,241415
0,243611
0,228669
0,149286
0,245735
0,237765
0,069939
0,204330
0,235670
0,225247
0,111859
0,130788
0,220602
0,234637
0,069050
0,076815
0,077209
0,241920
0,245428
0,181441
0,231917
0,244445
0,197379
0,174743
0,077131
0,216811
0,108629
0,226262
0,246080
0,231312
0,078580
0,244971
0,121662
0,198044
0,094639
0,065520
0,174933
0,240436
0,172367
0,097840
0,232943
0,222318
0,221725
0,237744
0,240098
0,232049
0,150688
0,071296
0,075218
0,243193
0,245601
0,202761
0,115084
0,243977
0,064187
0,238103
0,164222
0,117972
0,156449
0,159372
0,243582
0,214422
0,076506
0,055620
0,219491
0,152972
0,121917
0,238003
0,213717
0,195952
0,126913
0,172750
0,228514
0,133194
0,234836
0,236637
0,165911
0,207190
0,157255
0,117784
0,047856
0,158433
0,087712
0,070575
0,076983
0,050185
0,229930
0,087427
0,033823
0,245245
0,225247
0,244205
0,166991
0,216100
0,138389
0,024495
0,081336
0,077540
0,241803
0,050807
0,239452
0,246087
0,245822
0,060081
0,239495
0,147250
0,207614
0,148315
0,228007
0,173849
0,053557
0,174294
0,220241
0,169117
0,117377
0,170215
0,141275
0,242915
0,223673
0,139545
0,211553
0,180291
0,211521
0,012181
0,245953
0,074469
0,158166
0,246080
0,209519
0,000585
0,146930
0,049017
0,075775
0,239776
0,228154
0,212198
0,197768
0,064279
0,243331
0,019008
0,214904
0,217126
0,049025
0,176342
0,164535
0,062831
0,243875
0,218249
0,103781
0,198508
0,163965
0,234584
0,205265
0,013856
0,171448
0,176318
0,084095
0,239998
0,243140
0,242042
0,236990
0,221742
0,206563
0,181938
0,233606
0,243926
0,133983
0,245628
0,108682
0,207089
0,194124
0,235222
0,069387
0,061361
0,239483
0,223209
0,239998
0,077246
0,246065
0,152300
0,238879
0,180589
0,130525
0,204458
0,168247
0,243527
0,240610
0,243837
0,074992
0,243684
0,166679
0,244357
0,245627
0,244943
0,140263
0,229720
0,245369
0,172421
0,223695
0,223956
0,241841
0,111042
0,108880
0,193111
0,149239
0,224629
0,246070
0,192765
0,223243
0,215352
0,175316
0,159959
0,215496
0,074637
0,184625
0,044800
0,223107
0,237776
0,078170
0,213660
0,206416
0,245753
0,191111
0,187145
0,150528
0,030162
0,071863
0,072404
0,077433
0,068380
0,219324
0,228201
0,142923
0,116008
0,229682
0,128149
0,048524
0,108181
0,200068
0,076829
0,024078
0,245148
0,217975
0,232587
0,243654
0,057463
0,223482
0,243030
0,228524
0,104000
0,158187
0,074141
0,053636
0,167278
0,220427
0,062349
0,200612
0,071901
0,210204
0,172137
0,242239
0,181860
0,152715
0,178941
0,219977
0,159962
0,241952
0,118927
0,246043
0,148424
0,209006
0,233973
0,115989
0,188519
0,069754
0,226499
0,121229
0,238414
0,174369
0,241057
0,136102
0,083433
0,136986
0,246090
0,217685
0,063930
0,229880
0,225117
0,223252
0,170210
0,126465
0,245905
0,144216
0,069291
0,156805
0,205008
0,240412
0,062025
0,182313
0,077372
0,074424
0,245897
0,216603
0,058846
0,236526
0,213076
0,241299
0,136923
0,245873
0,066836
0,242219
0,226234
0,243473
0,077405
0,244460
0,244619
0,077442
0,066358
0,086284
0,061423
0,173321
0,218746
0,172080
0,198020
0,066378
0,142809
0,245260
0,080518
0,066027
0,245577
0,191082
0,232111
0,225980
0,121476
0,241952
0,237457
0,243427
0,227349
0,204276
0,065363
0,241194
0,242373
0,241275
0,244770
0,194936
0,048220
0,189129
0,230222
0,245169
0,153021
0,197072
0,076392
0,242433
0,142782
0,110546
0,155202
0,152304
0,238326
0,197848
0,245571
0,113662
0,222840
0,163346
0,244861
0,153572
0,245823
0,049876
0,066669
0,024046
0,068667
0,064265
0,106855
0,201082
0,143737
0,238411
0,150861
0,219756
0,202789
0,114693
0,191668
0,241060
0,163389
0,238527
0,054997
0,187320
0,131107
0,139696
0,246047
0,205248
0,181596
0,076073
0,193928
0,226049
0,070314
0,245510
0,179729
0,184240
0,195079
0,082548
0,145310
0,071667
0,225851
0,054145
0,110610
0,077208
0,222530
0,061164
0,246029
0,224221
0,174278
0,213747
0,232181
0,225417
0,147258
0,167816
0,190919
0,174035
0,245361
0,240372
0,240623
0,053753
0,235647
0,238968
0,206482
0,212807
0,238454
0,115391
0,080266
0,245724
0,194440
0,178080
0,190210
0,147093
0,160612
0,109190
0,068087
0,226444
0,227916
0,138879
0,088607
0,203985
0,125364
0,075531
0,075275
0,075792
0,241074
0,181367
0,242039
0,243092
0,144799
0,243750
0,233280
0,162431
0,224737
0,116313
0,116783
0,153961
0,234953
0,193820
0,170891
0,190764
0,242813
0,233614
0,076083
0,234521
0,241494
0,120579
0,103866
0,227172
0,076207
0,105984
0,245967
0,132272
0,076187
0,092820
0,203139
0,089548
0,237463
0,238593
0,143705
0,139324
0,245532
0,237400
0,188431
0,227494
0,083282
0,068325
0,231215
0,242476
0,130459
0,105062
0,246058
0,154656
0,065774
0,055419
0,235707
0,117165
0,237251
0,185929
0,245409
0,206682
0,157624
0,070482
0,197756
0,240853
0,217895
0,234955
0,199724
0,122808
0,245683
0,134301
0,067354
0,073231
0,243876
0,240699
0,208384
0,036600
0,061861
0,057955
0,051965
0,034700
0,238136
0,072879
0,240961
0,241785
0,210496
0,072945
0,245555
0,124013
0,240127
0,209360
0,072322
0,246071
0,053244
0,243651
0,193771
0,243011
0,101167
0,132919
0,229026
0,077370
0,245952
0,094801
0,234639
0,243461
0,051025
0,098636
0,193805
0,234261
0,223339
0,246034
0,178871
0,127151
0,056670
0,077433
0,207179
0,226936
0,237217
0,129905
0,182980
0,221305
0,245778
0,202805
0,217705
0,119618
0,076626
0,054123
0,059015
0,076791
0,117849
0,218273
0,209174
0,209754
0,224994
0,231897
0,196755
0,134546
0,183552
0,187288
0,067630
0,242941
0,185188
0,071102
0,244713
0,190846
0,178388
0,224822
0,245345
0,241646
0,170604
0,119194
0,224610
0,242054
0,234313
0,224570
0,245556
0,066954
0,234809
0,173893
0,171806
0,074142
0,047427
0,055132
0,224558
0,112103
0,246093
0,057448
0,123801
0,237161
0,245940
0,184965
0,153298
0,242459
0,224323
0,221374
0,245222
0,135393
0,118415
0,125738
0,223050
0,065766
0,238046
0,058891
0,072099
0,165341
0,236512
0,071148
0,073769
0,233269
0,084482
0,134465
0,222920
0,219138
0,238874
0,244882
0,246063
0,141127
0,219431
0,185838
0,103295
0,195353
0,227530
0,233333
0,128722
0,118079
0,186039
0,229831
0,075179
0,160179
0,178979
0,231971
0,071792
0,237714
0,179504
0,169260
0,163354
0,075765
0,240348
0,206506
0,204710
0,157892
0,100548
0,030158
0,074475
0,217254
0,244201
0,106057
0,072455
0,049876
0,075995
0,240419
0,069661
0,245864
0,245155
0,107616
0,145910
0,089442
0,243747
0,070867
0,228663
0,062630
0,183729
0,232386
0,122257
0,219444
0,241105
0,095071
0,240208
0,245474
0,221825
0,056884
0,106333
0,240725
0,213792
0,119244
0,204179
0,071968
0,245975
0,067652
0,240633
0,127377
0,121055
0,100777
0,219574
0,171904
0,067492
0,219426
0,191826
0,231261
0,076581
0,163457
0,125307
0,204651
0,075626
0,090381
0,066223
0,197303
0,048341
0,093889
0,075607
0,071024
0,176732
0,151906
0,243935
0,159445
0,186821
0,246035
0,225754
0,243635
0,218653
0,214979
0,172460
0,198049
0,200317
0,201586
0,131288
0,194595
0,126987
0,077457
0,245365
0,229231
0,245382
0,095968
0,072719
0,226110
0,246091
0,208697
0,059812
0,244540
0,191713
0,064846
0,228164
0,244477
0,076734
0,075450
0,184911
0,078737
0,123107
0,033644
0,182034
0,242901
0,237119
0,055190
0,219838
0,066484
0,238398
0,221366
0,238246
0,207517
0,230629
0,055210
0,206255
0,217205
0,242894
0,077040
0,246053
0,199002
0,113081
0,158247
0,244521
0,245312
0,230951
0,226734
0,188263
0,240062
0,239927
0,245951
0,172581
0,169474
0,166987
0,142652
0,064170
0,235335
0,167417
0,235162
0,065988
0,245399
0,205690
0,169314
0,244998
0,210289
0,210432
0,216433
0,043532
0,211216
0,243121
0,052053
0,089897
0,204088
0,072064
0,077060
0,068420
0,227721
0,237472
0,070273
0,109401
0,074368
0,226466
0,151375
0,236556
0,246094
0,037868
0,244857
0,205372
0,196188
0,230469
0,123647
0,230732
0,220406
0,244778
0,228923
0,079378
0,209586
0,225162
0,218336
0,237827
0,238824
0,193891
0,015505
0,078712
0,173787
0,245855
0,040881
0,085248
0,166522
0,224708
0,245927
0,200640
0,185773
0,019357
0,055736
0,144444
0,074057
0,225519
0,243559
0,244750
0,052641
0,242165
0,064709
0,139806
0,068739
0,187563
0,056248
0,232954
0,211767
0,111470
0,217319
0,170557
0,234202
0,131751
0,107423
0,212228
0,191856
0,210927
0,182078
0,215994
0,241969
0,145233
0,077025
0,109723
0,243273
0,237009
0,214539
0,236046
0,146416
0,246039
0,205962
0,243094
0,232020
0,047282
0,244678
0,237780
0,182130
0,189732
0,207254
0,117444
0,242497
0,245906
0,151036
0,025875
0,241068
0,220692
0,043706
0,191048
0,178185
0,246072
0,069291
0,242797
0,231175
0,205619
0,245569
0,237125
0,072807
0,106568
0,183470
0,077270
0,196131
0,122470
0,245336
0,240374
0,233372
0,224828
0,066912
0,124182
0,176035
0,228436
0,164416
0,069436
0,131014
0,200718
0,100584
0,190550
0,076792
0,242532
0,194239
0,194983
0,227244
0,210104
0,098628
0,245565
0,049156
0,215803
0,065116
0,170069
0,135161
0,077049
0,126905
0,245483
0,245786
0,222915
0,240236
0,061931
0,217831
0,202824
0,243205
0,072616
0,152440
0,054187
0,077351
0,093146
0,207700
0,204072
0,239201
0,240541
0,064269
0,071028
0,235921
0,218549
0,218515
0,180341
0,243233
0,227135
0,246079
0,075055
0,077155
0,245970
0,244855
0,243079
0,221892
0,236017
0,065224
0,245613
0,074181
0,069019
0,233994
0,245455
0,055816
0,244107
0,241659
0,219934
0,225841
0,181912
0,219744
0,237324
0,154558
0,221711
0,122315
0,103080
0,232560
0,144637
0,168425
0,216693
0,245620
0,242573
0,111182
0,229699
0,204100
0,198241
0,245534
0,171821
0,246066
0,074780
0,245652
0,224441
0,066153
0,156382
0,203989
0,240688
0,182917
0,092343
0,213874
0,238538
0,243979
0,164035
0,066745
0,222047
0,245783
0,180335
0,238601
0,244076
0,244920
0,245825
0,236267
0,114587
0,245486
0,054930
0,232310
0,214643
0,241900
0,129070
0,232777
0,244842
0,197099
0,242080
0,217950
0,244641
0,243019
0,208350
0,222889
0,213437
0,075421
0,155629
0,212814
0,052760
0,076724
0,243702
0,124496
0,051657
0,229952
0,240125
0,205618
0,245679
0,105431
0,244030
0,159878
0,245867
0,244033
0,244479
0,190574
0,066364
0,229821
0,060884
0,243863
0,134307
0,058594
0,080735
0,050208
0,189689
0,088712
0,245801
0,204866
0,056946
0,231967
0,216284
0,124786
0,180600
0,120158
0,245727
0,238613
0,186244
0,087228
0,245304
0,167670
0,191027
0,059955
0,196244
0,067526
0,213682
0,067324
0,142384
0,201390
0,087801
0,230524
0,155942
0,046507
0,155985
0,204378
0,066994
0,242154
0,241381
0,045706
0,203807
0,180162
0,245772
0,087688
0,168497
0,116239
0,212559
0,097855
0,227779
0,142384
0,061326
0,202522
0,189192
0,225781
0,198408
0,241830
0,201115
0,202657
0,181191
0,109179
0,146686
0,048298
0,228205
0,032450
0,072469
0,082370
0,226136
0,133309
0,238894
0,240249
0,076132
0,187727
0,245871
0,243112
0,134676
0,196750
0,036163
0,145599
0,130976
0,065583
0,079341
0,127817
0,223372
0,216142
0,246072
0,241775
0,218356
0,239304
0,181792
0,240910
0,244893
0,194784
0,238387
0,057838
0,242153
0,226741
0,232280
0,234737
0,236363
0,243904
0,127303
0,053618
0,102787
0,025275
0,199265
0,179064
0,110931
0,075247
0,122140
0,072124
0,217784
0,002749
0,246090
0,197260
0,222422
0,242033
0,060517
0,092721
0,155357
0,235472
0,240595
0,226035
0,150124
0,067765
0,076725
0,068145
0,224120
0,104176
0,127924
0,238249
0,237321
0,060712
0,245470
0,203743
0,096071
0,146764
0,056103
0,221773
0,056790
0,211568
0,191410
0,211669
0,019845
0,168249
0,173314
0,241131
0,165106
0,238208
0,130864
0,195084
0,114112
0,199404
0,243921
0,159125
0,245605
0,190669
0,143944
0,172223
0,030607
0,184712
0,130700
0,159394
0,214859
0,242241
0,226711
0,064761
0,244339
0,219144
0,060970
0,238100
0,182315
0,139117
0,125793
0,204450
0,228847
0,142014
0,231124
0,127193
0,225942
0,180877
0,238966
0,075616
0,133842
0,197589
0,239469
0,245549
0,223539
0,226584
0,194605
0,122974
0,234706
0,176738
0,178793
0,229279
0,189797
0,243667
0,087867
0,204673
0,246045
0,112701
0,085623
0,245525
0,221308
0,084514
0,223969
0,219411
0,240706
0,224263
0,194865
0,059469
0,077435
0,235080
0,076653
0,211710
0,065775
0,240690
0,116071
0,143772
0,109192
0,246079
0,119378
0,059467
0,237560
0,072765
0,242567
0,246026
0,203742
0,230654
0,158959
0,061539
0,119811
0,212752
0,133401
0,208188
0,234533
0,238414
0,226920
0,077020
0,241420
0,240547
0,229796
0,211688
0,181120
0,243663
0,135549
0,161479
0,074943
0,015022
0,071250
0,187518
0,214429
0,208733
0,131578
0,180744
0,242192
0,085741
0,221349
0,241271
0,069492
0,067631
0,221997
0,094683
0,232491
0,072676
0,220011
0,225601
0,239602
0,184972
0,230547
0,160415
0,130710
0,215742
0,092790
0,068699
0,070427
0,207088
0,103791
0,235675
0,098691
0,087740
0,042138
0,073853
0,228169
0,099349
0,162319
0,146503
0,150679
0,245715
0,240494
0,166033
0,189504
0,229111
0,231076
0,241603
0,239311
0,076162
0,078555
0,188618
0,211269
0,222758
0,032664
0,241790
0,244617
0,238367
0,073946
0,245797
0,125931
0,078150
0,240689
0,233526
0,002830
0,112494
0,171748
0,245864
0,156863
0,133486
0,174832
0,241328
0,205385
0,157527
0,124098
0,183056
0,083493
0,242551
0,143346
0,201344
0,219471
0,201738
0,209584
0,126417
0,076638
0,238399
0,245972
0,109189
0,222428
0,235454
0,077310
0,236051
0,246073
0,096953
0,172994
0,092350
0,202387
0,074326
0,197067
0,233198
0,065475
0,209499
0,244663
0,052442
0,223319
0,232988
0,144749
0,227743
0,195051
0,236094
0,136825
0,179504
0,246094
0,207218
0,086934
0,245831
0,221618
0,075270
0,243763
0,212430
0,228807
0,243625
0,081225
0,074009
0,242398
0,152618
0,050406
0,053083
0,065815
0,243847
0,202972
0,243695
0,116035
0,099543
0,202183
0,240941
0,077319
0,183843
0,160766
0,218719
0,076977
0,057848
0,158071
0,229449
0,102739
0,233818
0,214791
0,174936
0,186320
0,226564
0,100935
0,238573
0,232986
0,240717
0,230681
0,245701
0,246061
0,199614
0,154956
0,159458
0,212836
0,070445
0,243212
0,212995
0,213163
0,042542
0,243820
0,069703
0,157103
0,097557
0,228794
0,225040
0,223718
0,181886
0,200306
0,242998
0,191171
0,050262
0,138724
0,236399
0,106341
0,203342
0,219908
0,229733
0,171527
0,241115
0,241517
0,194259
0,233723
0,158001
0,135602
0,078144
0,230679
0,243610
0,195695
0,223856
0,185475
0,144328
0,197721
0,196775
0,204686
0,185084
0,059761
0,077308
0,219502
0,244720
0,057046
0,196406
0,218654
0,244548
0,245304
0,075544
0,203242
0,187766
0,208602
0,145534
0,245798
0,077913
0,111942
0,173143
0,223608
0,171465
0,076278
0,238559
0,188781
0,244844
0,124813
0,086885
0,245884
0,225589
0,071363
0,164303
0,129926
0,068392
0,074788
0,232274
0,233808
0,156868
0,230997
0,138527
0,221140
0,177125
0,056651
0,219037
0,243012
0,194710
0,217506
0,160803
0,235287
0,146338
0,203715
0,103075
0,243955
0,219225
0,218381
0,076696
0,094443
0,202755
0,241647
0,075266
0,173919
0,123644
0,189109
0,208131
0,237876
0,243195
0,138160
0,074465
0,074061
0,077402
0,174834
0,202799
0,190524
0,238394
0,245863
0,231080
0,087503
0,106977
0,077305
0,206699
0,229611
0,071304
0,239489
0,243783
0,199572
0,218497
0,243069
0,233872
0,036046
0,193903
0,190918
0,230857
0,128381
0,245615
0,231760
0,201877
0,129303
0,146910
0,094620
0,240806
0,209551
0,233229
0,072573
0,059284
0,244377
0,048342
0,144734
0,202649
0,244913
0,190842
0,149046
0,239354
0,245522
0,222381
0,204101
0,171400
0,074109
0,245656
0,245309
0,071732
0,103373
0,231340
0,244271
0,235745
0,235149
0,216729
0,030638
0,180503
0,241527
0,171829
0,243268
0,239929
0,205227
0,233978
0,184164
0,239694
0,245914
0,235568
0,233553
0,192743
0,207119
0,236797
0,174636
0,175966
0,181006
0,117533
0,165183
0,200664
0,073216
0,156209
0,200766
0,195001
0,245118
0,072611
0,224506
0,153397
0,243166
0,105690
0,245506
0,200933
0,165234
0,182218
0,145436
0,215685
0,220464
0,196797
0,124244
0,073064
0,135320
0,239346
0,149722
0,160489
0,174681
0,056815
0,082052
0,187581
0,170830
0,178864
0,233324
0,204899
0,101884
0,137560
0,108754
0,067029
0,196209
0,102723
0,246079
0,064103
0,242324
0,071072
0,065191
0,115762
0,148045
0,188378
0,246072
0,216771
0,058918
0,186645
0,234325
0,200472
0,026140
0,241978
0,118715
0,178055
0,145798
0,223507
0,245089
0,015233
0,070394
0,155837
0,147028
0,220932
0,063601
0,130799
0,069339
0,154775
0,199335
0,245413
0,060910
0,136036
0,057067
0,165888
0,172920
0,067973
0,213663
0,224319
0,121994
0,059948
0,181871
0,089218
0,179512
0,175018
0,233643
0,216686
0,243676
0,147314
0,214854
0,166429
0,206828
0,123043
0,233784
0,142228
0,065326
0,228168
0,129657
0,201233
0,064000
0,161763
0,182063
0,070962
0,058644
0,077422
0,241986
0,114784
0,236051
0,162894
0,077438
0,077300
0,105904
0,015937
0,052493
0,234468
0,245967
0,176539
0,063877
0,167072
0,198512
0,208579
0,238273
0,235061
0,153700
0,077304
0,235669
0,242775
0,244759
0,060250
0,239657
0,076294
0,224489
0,217479
0,143053
0,137695
0,209365
0,243992
0,182161
0,245120
0,136386
0,244464
0,245841
0,190221
0,211946
0,246039
0,224155
0,135193
0,129738
0,155320
0,062380
0,077447
0,156984
0,230008
0,119267
0,216720
0,216543
0,036967
0,189195
0,246048
0,179235
0,217248
0,245971
0,073208
0,131021
0,229796
0,246000
0,169552
0,243872
0,241376
0,218043
0,186673
0,075072
0,175260
0,233142
0,144222
0,206416
0,035437
0,183734
0,235924
0,161251
0,231744
0,231482
0,038453
0,197757
0,110431
0,227270
0,198657
0,224496
0,119607
0,104574
0,218072
0,113815
0,242619
0,074754
0,123451
0,181599
0,212546
0,011939
0,148266
0,243138
0,071594
0,217830
0,117264
0,224970
0,056677
0,089964
0,209388
0,225321
0,075963
0,043063
0,232273
0,032634
0,202923
0,210665
0,128913
0,085016
0,231347
0,074032
0,239238
0,236372
0,215102
0,244145
0,236357
0,233126
0,144852
0,073403
0,208139
0,128728
0,244091
0,054060
0,074439
0,234180
0,219256
0,234387
0,056476
0,227035
0,245033
0,217036
0,198038
0,008677
0,101606
0,086948
0,245696
0,246089
0,084189
0,070159
0,222769
0,071533
0,172627
0,072522
0,095491
0,224837
0,238701
0,162787
0,062741
0,185609
0,064774
0,062312
0,157826
0,050217
0,243542
0,130095
0,053795
0,227053
0,140722
0,207180
0,199999
0,243383
0,244428
0,245794
0,072728
0,181842
0,155942
0,203693
0,246091
0,061624
0,137702
0,224518
0,236040
0,211656
0,240589
0,149009
0,222715
0,241995
0,231359
0,205080
0,132811
0,233875
0,169945
0,234790
0,066100
0,043559
0,242437
0,073241
0,234480
0,110643
0,092104
0,101220
0,245456
0,245424
0,179341
0,243479
0,104825
0,229903
0,212233
0,075703
0,076842
0,059745
0,142754
0,200708
0,051119
0,220062
0,113430
0,204081
0,206723
0,143101
0,019394
0,243488
0,225415
0,115625
0,169578
0,245072
0,214161
0,077160
0,241775
0,121523
0,130104
0,208271
0,172934
0,043276
0,007589
0,155518
0,152650
0,238133
0,229709
0,237417
0,230775
0,077461
0,243700
0,231163
0,230499
0,245449
0,232296
0,071869
0,142496
0,239594
0,245941
0,112941
0,222677
0,246083
0,238373
0,167282
0,233136
0,235941
0,182626
0,245848
0,049347
0,242974
0,187269
0,123123
0,231005
0,207937
0,175141
0,203521
0,074672
0,103502
0,111051
0,199317
0,242929
0,192001
0,056415
0,246078
0,213155
0,174257
0,243113
0,243029
0,072070
0,245133
0,230839
0,240480
0,082264
0,128895
0,226901
0,049328
0,246093
0,094668
0,150434
0,022498
0,132147
0,240232
0,075139
0,169505
0,223297
0,236942
0,072806
0,205551
0,196925
0,223405
0,134750
0,214395
0,239519
0,195143
0,238378
0,202548
0,204672
0,008941
0,200678
0,181747
0,049302
0,190261
0,245764
0,218769
0,242765
0,218341
0,224675
0,095500
0,139419
0,076577
0,236162
0,053616
0,245887
0,048368
0,175497
0,246088
0,234645
0,238644
0,076271
0,229641
0,150647
0,236823
0,243150
0,140438
0,198446
0,222971
0,221341
0,192976
0,228180
0,098202
0,246087
0,207599
0,032982
0,075613
0,233291
0,243020
0,237569
0,222527
0,214063
0,074303
0,227474
0,200758
0,190359
0,068173
0,234280
0,076871
0,173755
0,226418
0,245912
0,245741
0,226553
0,130843
0,175259
0,054991
0,037347
0,206527
0,132762
0,074395
0,101937
0,228132
0,227939
0,224645
0,200044
0,129338
0,200667
0,198272
0,141620
0,231172
0,174304
0,087629
0,130199
0,226621
0,245403
0,230246
0,233681
0,243613
0,203232
0,059935
0,133100
0,087164
0,227509
0,117943
0,016030
0,200457
0,245747
0,237330
0,084436
0,134083
0,237876
0,172054
0,141643
0,244997
0,127809
0,245547
0,144868
0,227998
0,244878
0,062685
0,205365
0,246033
0,076659
0,075435
0,051273
0,081299
0,236912
0,200484
0,063831
0,240641
0,212645
0,077036
0,242796
0,223526
0,136067
0,076967
0,172740
0,169153
0,204531
0,195369
0,063388
0,235372
0,245963
0,246022
0,222811
0,229017
0,207592
0,157785
0,243243
0,239123
0,239006
0,212704
0,170032
0,232094
0,075741
0,013619
0,185167
0,143405
0,243675
0,079889
0,213199
0,209476
0,063589
0,245566
0,158167
0,142690
0,182332
0,246043
0,074721
0,217126
0,135850
0,245971
0,215545
0,245518
0,077035
0,115633
0,245986
0,072118
0,237522
0,095087
0,198689
0,244173
0,220084
0,228007
0,157503
0,240427
0,240682
0,070292
0,245241
0,104524
0,241324
0,198175
0,112899
0,174663
0,142067
0,220481
0,145195
0,176153
0,066873
0,185309
0,242491
0,239078
0,130851
0,085773
0,243956
0,121412
0,221687
0,149622
0,174923
0,245947
0,241042
0,243350
0,239525
0,234393
0,077104
0,227780
0,056758
0,242868
0,178500
0,167915
0,242813
0,213624
0,116810
0,116938
0,194086
0,245761
0,238401
0,069348
0,059594
0,136673
0,103801
0,246091
0,226331
0,073152
0,131083
0,216223
0,076935
0,130895
0,091669
0,084368
0,058669
0,151263
0,157724
0,245485
0,232040
0,155768
0,094460
0,164420
0,088159
0,150365
0,114174
0,077268
0,109277
0,203387
0,237350
0,219956
0,076240
0,077778
0,239674
0,226372
0,171607
0,243288
0,225270
0,053251
0,133089
0,098193
0,143540
0,106586
0,010383
0,231208
0,244446
0,224708
0,165413
0,107153
0,216730
0,127877
0,243962
0,126718
0,174362
0,194687
0,244152
0,120106
0,217201
0,072975
0,208951
0,144159
0,227251
0,224129
0,226386
0,207225
0,177434
0,194008
0,221998
0,226783
0,237628
0,233683
0,232046
0,115508
0,076796
0,078967
0,220792
0,197788
0,236812
0,236289
0,243041
0,234020
0,062462
0,231216
0,093852
0,221195
0,019091
0,193325
0,212694
0,159576
0,245011
0,234428
0,227769
0,202376
0,244871
0,231662
0,065533
0,097726
0,200905
0,220634
0,235911
0,205698
0,245546
0,038013
0,244081
0,188941
0,050449
0,143177
0,239094
0,220946
0,180758
0,164218
0,175932
0,219084
0,216152
0,094599
0,225613
0,189740
0,210345
0,233498
0,065561
0,245864
0,191167
0,239341
0,207142
0,124930
0,076931
0,244624
0,224502
0,133168
0,225418
0,073154
0,240154
0,126180
0,222059
0,190554
0,210712
0,075649
0,062120
0,058334
0,245548
0,059435
0,230735
0,244646
0,175106
0,197503
0,242631
0,088907
0,242817
0,237015
0,176906
0,132724
0,243329
0,240633
0,076918
0,240908
0,243471
0,205541
0,129321
0,171770
0,097553
0,120930
0,196669
0,215728
0,213658
0,173504
0,145240
0,104484
0,231997
0,245754
0,228630
0,207442
0,076959
0,076997
0,236003
0,206384
0,197558
0,238282
0,145580
0,241427
0,232363
0,015517
0,194285
0,057008
0,170676
0,233463
0,207430
0,159478
0,197597
0,177529
0,151145
0,072658
0,245713
0,186874
0,223305
0,131598
0,089480
0,082996
0,225625
0,245684
0,243491
0,229505
0,211272
0,104448
0,021499
0,239572
0,173954
0,196274
0,205073
0,193102
0,241891
0,024258
0,213277
0,162418
0,216762
0,067147
0,222009
0,070125
0,232169
0,218095
0,214668
0,065564
0,069534
0,176121
0,017227
0,072485
0,244824
0,119012
0,208331
0,189187
0,189272
0,218441
0,209747
0,139767
0,214089
0,234753
0,171837
0,230833
0,069728
0,109921
0,234462
0,242915
0,076332
0,105269
0,093252
0,181291
0,201212
0,071464
0,243892
0,244648
0,238332
0,245927
0,167293
0,076854
0,221282
0,077070
0,181936
0,148460
0,230034
0,090819
0,220042
0,125401
0,161225
0,115251
0,225196
0,168310
0,231299
0,174888
0,244490
0,134251
0,062963
0,055821
0,072192
0,048358
0,044088
0,214111
0,242939
0,197750
0,241136
0,173280
0,220044
0,093848
0,148397
0,063662
0,084578
0,195114
0,171122
0,164154
0,145869
0,076451
0,157714
0,246018
0,234098
0,172672
0,077105
0,244187
0,245685
0,245598
0,051584
0,114551
0,195488
0,070606
0,078970
0,125424
0,175596
0,181171
0,240762
0,136565
0,234152
0,229510
0,206868
0,089831
0,170125
0,195413
0,140614
0,245954
0,219375
0,075801
0,240872
0,180651
0,142411
0,139255
0,071561
0,133775
0,117865
0,218333
0,237025
0,229689
0,088202
0,082945
0,224301
0,232204
0,218391
0,146602
0,149079
0,179074
0,120087
0,211156
0,237420
0,230927
0,067223
0,168262
0,227956
0,127260
0,219802
0,235933
0,225378
0,241466
0,209626
0,158335
0,230616
0,122648
0,243792
0,215846
0,199746
0,146453
0,230392
0,051758
0,210123
0,113339
0,052571
0,164066
0,176529
0,148049
0,077301
0,220880
0,195260
0,166269
0,041679
0,223708
0,238136
0,244752
0,164695
0,245745
0,130408
0,075469
0,243535
0,225600
0,101852
0,238712
0,242683
0,126572
0,246029
0,136130
0,228356
0,202669
0,212181
0,155186
0,224764
0,217885
0,084616
0,242470
0,228521
0,212403
0,174919
0,239649
0,089742
0,063892
0,064895
0,076107
0,058313
0,152850
0,236471
0,119374
0,216257
0,201913
0,230721
0,118405
0,244859
0,231396
0,173626
0,223622
0,044624
0,236802
0,246044
0,244189
0,114116
0,246093
0,195617
0,173060
0,162442
0,095624
0,197559
0,069329
0,228936
0,115057
0,070945
0,200274
0,197079
0,140305
0,180623
0,242492
0,055629
0,056096
0,198207
0,163270
0,246088
0,241027
0,204170
0,236450
0,238744
0,162828
0,056642
0,237985
0,059490
0,045214
0,063781
0,221716
0,051498
0,174315
0,069056
0,241269
0,209716
0,108357
0,184153
0,085837
0,233309
0,139504
0,197464
0,043398
0,245442
0,047242
0,166537
0,221722
0,230511
0,215034
0,232570
0,067634
0,076622
0,076047
0,165577
0,220944
0,079885
0,246061
0,125925
0,241042
0,193839
0,237897
0,153504
0,014787
0,076734
0,070355
0,170689
0,073419
0,181141
0,090642
0,217621
0,239653
0,077020
0,049535
0,244183
0,245788
0,058958
0,047762
0,070086
0,051019
0,075576
0,056649
0,114825
0,246080
0,066486
0,079765
0,172637
0,073025
0,215033
0,244117
0,090478
0,064035
0,025659
0,239803
0,227102
0,050047
0,213986
0,218466
0,246089
0,215777
0,244934
0,234059
0,143055
0,179771
0,203187
0,238574
0,199522
0,126929
0,243704
0,063367
0,173708
0,076896
0,134450
0,175041
0,064910
0,068483
0,087300
0,207043
0,243699
0,245454
0,246074
0,226351
0,097346
0,061423
0,084953
0,241705
0,207457
0,151576
0,129996
0,220435
0,165864
0,198267
0,173424
0,134454
0,187356
0,077376
0,054300
0,149556
0,044072
0,243926
0,236792
0,069092
0,108107
0,221151
0,217300
0,240049
0,228794
0,125831
0,072089
0,245064
0,155276
0,117004
0,246090
0,223060
0,219174
0,208970
0,076891
0,218684
0,240497
0,245594
0,245309
0,235818
0,243007
0,159506
0,242788
0,207884
0,243299
0,155293
0,140045
0,239821
0,076108
0,073818
0,193187
0,122676
0,140288
0,232761
0,240894
0,231043
0,186685
0,236517
0,219104
0,176246
0,077500
0,171948
0,190290
0,225879
0,236335
0,067002
0,239615
0,238627
0,221068
0,082199
0,231358
0,244361
0,189581
0,132942
0,077445
0,141231
0,218678
0,163347
0,114367
0,157123
0,178483
0,077290
0,184481
0,202950
0,241620
0,219153
0,193344
0,156756
0,156095
0,244419
0,159381
0,094601
0,246012
0,245217
0,163183
0,165928
0,153676
0,203925
0,002958
0,176108
0,197827
0,151618
0,244930
0,234269
0,156120
0,057317
0,230698
0,245545
0,234102
0,245511
0,198377
0,233537
0,245848
0,216334
0,242259
0,129574
0,051016
0,234812
0,207952
0,031359
0,217054
0,068398
0,213796
0,192956
0,211180
0,071043
0,174973
0,242275
0,239137
0,230160
0,241116
0,243706
0,242203
0,231490
0,227104
0,140354
0,200741
0,198764
0,245633
0,243490
0,170821
0,244904
0,229888
0,150470
0,236970
0,176395
0,239436
0,182453
0,238409
0,245764
0,222261
0,131141
0,243048
0,075198
0,242153
0,238482
0,145045
0,151008
0,235214
0,243869
0,228841
0,060258
0,070854
0,077381
0,243268
0,060853
0,060892
0,222226
0,057015
0,236044
0,244186
0,041203
0,196077
0,114441
0,077220
0,197849
0,052501
0,066377
0,229878
0,244429
0,176913
0,163294
0,219898
0,196956
0,131380
0,157011
0,243477
0,245993
0,058404
0,102225
0,210027
0,068043
0,077300
0,241606
0,183266
0,241898
0,095836
0,194275
0,241561
0,244494
0,102541
0,203917
0,124749
0,244363
0,220739
0,235186
0,242330
0,246074
0,077512
0,074681
0,240957
0,138660
0,139249
0,194730
0,230982
0,203018
0,053113
0,236349
0,103133
0,153789
0,240274
0,179949
0,238497
0,146727
0,127259
0,135409
0,241398
0,092185
0,240519
0,076563
0,203249
0,223174
0,086830
0,202473
0,172551
0,234462
0,201494
0,244193
0,173882
0,071847
0,048116
0,238040
0,231439
0,083285
0,109328
0,208155
0,060370
0,245049
0,219215
0,219769
0,229733
0,225267
0,234495
0,165727
0,242165
0,242059
0,225859
0,244945
0,221040
0,212125
0,165243
0,063907
0,176561
0,219451
0,245292
0,245679
0,202200
0,109861
0,234308
0,027874
0,243167
0,239579
0,217709
0,132842
0,213424
0,152882
0,217147
0,206710
0,245333
0,244206
0,209882
0,150034
0,098793
0,186842
0,118659
0,244004
0,077275
0,135624
0,166739
0,056312
0,155710
0,245467
0,238475
0,200336
0,049834
0,164330
0,237254
0,229054
0,081332
0,245842
0,147212
0,010336
0,153915
0,129363
0,243586
0,192532
0,169516
0,068909
0,197086
0,009137
0,220471
0,113188
0,241128
0,225503
0,226779
0,241840
0,235071
0,036844
0,072742
0,223855
0,222509
0,081434
0,215641
0,184279
0,162036
0,119499
0,138115
0,203083
0,160040
0,124817
0,245358
0,224823
0,241430
0,206041
0,129474
0,003412
0,212831
0,187649
0,156066
0,076698
0,145517
0,232373
0,056608
0,106693
0,244320
0,197554
0,164797
0,244641
0,244125
0,074356
0,060237
0,202104
0,133067
0,179303
0,157025
0,231818
0,055563
0,238907
0,073695
0,123993
0,233165
0,220041
0,195438
0,051336
0,178923
0,168858
0,231811
0,178319
0,243217
0,162715
0,109516
0,139276
0,240589
0,192287
0,186430
0,053438
0,095785
0,214749
0,170821
0,110343
0,153845
0,245758
0,073140
0,192184
0,245857
0,245836
0,223396
0,232720
0,241151
0,221604
0,071225
0,144413
0,075440
0,235282
0,246038
0,094868
0,127107
0,198139
0,058673
0,161549
0,118039
0,063757
0,200040
0,189933
0,214026
0,188951
0,233423
0,139828
0,244020
0,195310
0,243007
0,229021
0,193290
0,108917
0,214497
0,238570
0,236079
0,162869
0,205685
0,136175
0,124636
0,040453
0,042125
0,214549
0,071290
0,241125
0,093743
0,186690
0,246067
0,236198
0,004274
0,065454
0,194985
0,245456
0,078446
0,131996
0,206642
0,242131
0,241787
0,242977
0,240650
0,109013
0,207650
0,207130
0,029166
0,210000
0,053537
0,145843
0,244691
0,104903
0,231625
0,213008
0,189635
0,238594
0,246062
0,207295
0,081957
0,143273
0,056482
0,239141
0,237163
0,049041
0,113071
0,049347
0,077117
0,188305
0,113225
0,166570
0,145882
0,159846
0,245832
0,066546
0,173073
0,242135
0,241928
0,240857
0,245983
0,209221
0,217312
0,216398
0,245943
0,171092
0,238284
0,235259
0,245556
0,067254
0,045871
0,072578
0,244475
0,244638
0,052729
0,100556
0,195890
0,245220
0,075963
0,232067
0,227772
0,170668
0,077432
0,066738
0,208316
0,070273
0,190702
0,072275
0,077449
0,222841
0,208954
0,236501
0,239610
0,083532
0,095682
0,235941
0,150847
0,152888
0,048452
0,245961
0,160197
0,128689
0,185213
0,130542
0,232827
0,225525
0,245109
0,233974
0,245613
0,132461
0,147240
0,216054
0,066104
0,130845
0,243247
0,117277
0,245944
0,244415
0,083467
0,217498
0,245328
0,071909
0,209487
0,244341
0,241475
0,222612
0,239197
0,206454
0,193691
0,110208
0,232431
0,077777
0,155059
0,246040
0,200601
0,123441
0,077135
0,218370
0,224404
0,223886
0,191661
0,109280
0,129470
0,099889
0,245995
0,245632
0,220572
0,107441
0,159758
0,246015
0,105190
0,147325
0,090064
0,219532
0,200215
0,237731
0,133086
0,226094
0,245396
0,228002
0,176653
0,245809
0,157065
0,140631
0,153509
0,088996
0,230728
0,222226
0,168510
0,202700
0,063129
0,073697
0,159055
0,212515
0,234805
0,179625
0,191373
0,061360
0,229405
0,150091
0,162261
0,236548
0,240650
0,245491
0,158307
0,243323
0,073474
0,237789
0,231711
0,210010
0,061360
0,227706
0,243547
0,195927
0,232420
0,156365
0,088963
0,160643
0,084511
0,245654
0,211019
0,241026
0,230509
0,186453
0,188215
0,180574
0,005216
0,239939
0,235766
0,241066
0,195883
0,245851
0,160711
0,109924
0,236602
0,204911
0,235075
0,244588
0,237111
0,074976
0,246050
0,077350
0,232856
0,226146
0,229415
0,076707
0,047428
0,136374
0,216055
0,099927
0,057437
0,132843
0,223978
0,043639
0,245695
0,115028
0,076920
0,091247
0,167416
0,207095
0,214180
0,244805
0,242866
0,166927
0,016484
0,209440
0,108318
0,230923
0,244715
0,065788
0,129872
0,185430
0,245768
0,169536
0,151510
0,246020
0,219404
0,246076
0,160228
0,154843
0,215138
0,104659
0,207027
0,224593
0,183956
0,225809
0,050315
0,230936
0,076380
0,199838
0,245278
0,145321
0,220325
0,213691
0,219241
0,234637
0,100792
0,092844
0,057418
0,081651
0,244868
0,055520
0,071776
0,140108
0,064801
0,176770
0,244987
0,206216
0,219226
0,210876
0,237137
0,125167
0,050790
0,077454
0,243532
0,033433
0,169746
0,242352
0,243242
0,237670
0,235571
0,224726
0,224015
0,243780
0,238232
0,114495
0,076915
0,221332
0,039069
0,206428
0,211748
0,228106
0,077121
0,238532
0,237172
0,064535
0,069447
0,189026
0,077420
0,077443
0,235470
0,203485
0,067551
0,030536
0,126176
0,180404
0,246048
0,071381
0,235310
0,246085
0,087086
0,066028
0,060765
0,229282
0,215448
0,076356
0,234055
0,198370
0,069673
0,082349
0,245444
0,187905
0,184429
0,219072
0,175001
0,244818
0,128807
0,140066
0,220166
0,077098
0,239672
0,049620
0,243278
0,076895
0,238066
0,225385
0,074407
0,238225
0,158766
0,152217
0,246094
0,176835
0,245495
0,244276
0,152133
0,244335
0,231775
0,069518
0,072683
0,010125
0,240852
0,196581
0,129248
0,154787
0,217391
0,054636
0,229121
0,171452
0,226556
0,010945
0,246067
0,243239
0,091634
0,242456
0,246089
0,065581
0,201496
0,127808
0,051598
0,049244
0,194006
0,223145
0,184267
0,237738
0,148643
0,187018
0,238212
0,236604
0,073986
0,245522
0,154960
0,214413
0,219348
0,217187
0,076811
0,242729
0,087098
0,243234
0,140149
0,198381
0,087018
0,245893
0,242097
0,223863
0,189568
0,240147
0,172433
0,246087
0,225100
0,159908
0,202269
0,170616
0,233439
0,123749
0,246093
0,070038
0,243718
0,232769
0,205876
0,072053
0,135265
0,171609
0,037605
0,245883
0,246026
0,070188
0,243292
0,045571
0,216094
0,246075
0,075123
0,085742
0,065925
0,246093
0,223644
0,221886
0,193730
0,195342
0,171664
0,100963
0,177071
0,073349
0,189117
0,211801
0,231321
0,021814
0,106129
0,232652
0,054833
0,238746
0,228305
0,228380
0,170557
0,213236
0,201793
0,140926
0,130127
0,245336
0,049695
0,236217
0,069958
0,246092
0,181627
0,222036
0,212996
0,103975
0,225264
0,242746
0,085065
0,235188
0,219964
0,141514
0,064110
0,127478
0,105449
0,195648
0,074930
0,204757
0,190196
0,190838
0,224450
0,245257
0,192254
0,123467
0,203578
0,139715
0,060638
0,211003
0,245249
0,242473
0,240875
0,245257
0,232897
0,203829
0,146649
0,243650
0,228254
0,212466
0,177728
0,231501
0,232926
0,232681
0,069292
0,076511
0,140105
0,092613
0,168264
0,212554
0,135857
0,186327
0,241209
0,245434
0,092646
0,224772
0,014342
0,078894
0,230257
0,072759
0,145245
0,198378
0,237801
0,241741
0,078110
0,082615
0,146225
0,186721
0,030075
0,090428
0,220294
0,171540
0,236925
0,199727
0,239259
0,242283
0,239873
0,192021
0,226945
0,243153
0,200786
0,137173
0,162173
0,232632
0,131959
0,110116
0,209570
0,142401
0,022812
0,182748
0,245330
0,233377
0,234607
0,211088
0,237125
0,229054
0,235466
0,066850
0,242524
0,101301
0,077183
0,028405
0,237492
0,059097
0,202809
0,238684
0,064732
0,220691
0,236224
0,151757
0,232050
0,070978
0,196324
0,245910
0,071946
0,068058
0,230796
0,206846
0,100805
0,190193
0,125797
0,236266
0,183357
0,096383
0,147862
0,245491
0,145102
0,239222
0,022914
0,010402
0,096339
0,117461
0,232970
0,246034
0,063668
0,246072
0,219995
0,149906
0,049809
0,243134
0,233847
0,214078
0,231344
0,233828
0,127862
0,156439
0,208924
0,234785
0,076599
0,171062
0,219918
0,241172
0,050681
0,110133
0,204884
0,239653
0,244582
0,182566
0,240804
0,195039
0,240633
0,220219
0,128850
0,232602
0,206239
0,068144
0,236910
0,239396
0,040157
0,222070
0,232922
0,188197
0,077453
0,243662
0,140091
0,170544
0,236285
0,242762
0,056123
0,125869
0,198732
0,153801
0,057789
0,220224
0,246076
0,243231
0,060297
0,216407
0,087336
0,234922
0,049619
0,244553
0,229600
0,177828
0,230553
0,214611
0,228041
0,080766
0,173409
0,221288
0,077313
0,137048
0,058229
0,243086
0,173130
0,031781
0,139923
0,120826
0,047050
0,238125
0,143828
0,157187
0,245961
0,215323
0,199172
0,240409
0,230545
0,181652
0,136621
0,071583
0,244810
0,085595
0,051636
0,220978
0,229981
0,132909
0,066123
0,193690
0,158327
0,240592
0,216990
0,216872
0,201608
0,183010
0,241949
0,238171
0,090170
0,150977
0,189738
0,008670
0,203330
0,122427
0,061176
0,006141
0,096519
0,208910
0,081076
0,116381
0,239544
0,220727
0,219843
0,245950
0,228669
0,230566
0,055758
0,109639
0,215985
0,155949
0,186354
0,075792
0,244920
0,178769
0,223582
0,184325
0,180919
0,191532
0,244168
0,244163
0,241370
0,212737
0,177571
0,077438
0,227086
0,238115
0,117573
0,232912
0,029443
0,245984
0,074735
0,100157
0,245150
0,071742
0,243040
0,238366
0,166921
0,194996
0,195581
0,242535
0,189787
0,162554
0,077377
0,215961
0,245130
0,192179
0,234854
0,214947
0,142641
0,064981
0,236456
0,077461
0,201096
0,076422
0,094551
0,232532
0,172202
0,240151
0,243624
0,139694
0,226305
0,137221
0,077751
0,076475
0,189973
0,236909
0,192166
0,134787
0,202497
0,062721
0,145760
0,245577
0,185336
0,216421
0,226782
0,245669
0,119929
0,183780
0,242941
0,239356
0,240970
0,246000
0,208468
0,194687
0,246092
0,245803
0,245339
0,069272
0,245036
0,245000
0,131411
0,190935
0,053499
0,245806
0,206223
0,076444
0,236398
0,138302
0,226983
0,107251
0,212297
0,246082
0,117461
0,225683
0,227806
0,075946
0,139817
0,154265
0,162105
0,142687
0,189411
0,220107
0,130991
0,184693
0,073823
0,245206
0,205819
0,240393
0,038118
0,028422
0,048086
0,108269
0,246093
0,243122
0,102683
0,072132
0,098305
0,077051
0,051799
0,240800
0,032342
0,096047
0,222747
0,076116
0,128382
0,239835
0,245733
0,169194
0,199822
0,210684
0,048229
0,177142
0,202362
0,121811
0,245851
0,139484
0,234166
0,169385
0,096238
0,246023
0,127263
0,165203
0,126842
0,133318
0,213982
0,242752
0,143012
0,069502
0,142878
0,245832
0,207152
0,236213
0,214633
0,175804
0,246044
0,191331
0,243343
0,228755
0,237574
0,075368
0,192947
0,231145
0,112230
0,245548
0,245876
0,077286
0,237381
0,201795
0,188551
0,245638
0,188269
0,079979
0,175577
0,241633
0,206880
0,146325
0,208801
0,246075
0,233043
0,176653
0,089730
0,245910
0,189419
0,240170
0,064094
0,134528
0,204667
0,104142
0,241679
0,158050
0,207482
0,230250
0,077001
0,117434
0,212483
0,021035
0,046191
0,232325
0,067300
0,140413
0,021846
0,057342
0,182021
0,237881
0,215617
0,234297
0,245962
0,156799
0,168983
0,220885
0,239921
0,071474
0,241306
0,202802
0,227481
0,232732
0,241540
0,078806
0,142846
0,196070
0,245171
0,074572
0,203959
0,224376
0,172084
0,169573
0,225296
0,065543
0,194015
0,190815
0,239343
0,243560
0,239079
0,114668
0,246025
0,150624
0,216067
0,208840
0,215511
0,246008
0,238906
0,234940
0,171089
0,211311
0,074612
0,215115
0,114168
0,229932
0,229101
0,245333
0,077343
0,203838
0,151325
0,237292
0,069880
0,206273
0,245916
0,162914
0,229209
0,082482
0,206488
0,076830
0,199755
0,223857
0,243942
0,217047
0,222818
0,222345
0,169483
0,232987
0,211545
0,175408
0,245834
0,015947
0,088882
0,043420
0,193321
0,238318
0,246013
0,054715
0,146613
0,220807
0,202786
0,109040
0,038177
0,234104
0,245885
0,245907
0,078961
0,103246
0,089401
0,133143
0,245002
0,245918
0,068826
0,059843
0,181188
0,230499
0,073380
0,187619
0,077330
0,245839
0,126395
0,245336
0,056525
0,066535
0,243723
0,172215
0,180682
0,245911
0,234685
0,241879
0,088224
0,129831
0,157298
0,070514
0,238097
0,133909
0,145637
0,245276
0,047968
0,089706
0,142955
0,197777
0,129079
0,243640
0,215835
0,243929
0,229569
0,162500
0,106331
0,048609
0,198322
0,098116
0,066568
0,117192
0,067615
0,076462
0,077457
0,195959
0,167269
0,237165
0,172789
0,070325
0,231265
0,071279
0,229621
0,137520
0,076301
0,206621
0,185985
0,062736
0,202979
0,055407
0,203656
0,245883
0,147745
0,222995
0,196777
0,239379
0,167304
0,051008
0,225373
0,090914
0,239481
0,076969
0,215514
0,156065
0,144882
0,219390
0,226957
0,244929
0,219809
0,239880
0,105153
0,244988
0,076722
0,132939
0,181870
0,141959
0,073469
0,230950
0,052333
0,198206
0,219854
0,152978
0,214215
0,057954
0,189315
0,209956
0,076154
0,099948
0,238539
0,034771
0,245114
0,228378
0,066869
0,168218
0,242937
0,077926
0,195981
0,052047
0,235171
0,130115
0,076733
0,246030
0,230297
0,057432
0,225208
0,243636
0,228088
0,065717
0,077167
0,096196
0,148132
0,243163
0,210039
0,245963
0,200811
0,050000
0,242146
0,053241
0,193513
0,128562
0,207864
0,244156
0,219898
0,234220
0,077020
0,221439
0,153579
0,228536
0,213487
0,077007
0,117657
0,201875
0,214425
0,244752
0,224430
0,243345
0,236128
0,003308
0,239710
0,221779
0,194324
0,028991
0,077300
0,073148
0,182038
0,242253
0,211346
0,188871
0,161174
0,054175
0,071782
0,151939
0,058145
0,206726
0,244391
0,182305
0,141760
0,077111
0,140098
0,053877
0,167338
0,192001
0,230978
0,244626
0,219896
0,019673
0,127801
0,192061
0,061591
0,075075
0,176333
0,139674
0,131458
0,246046
0,200860
0,158426
0,178750
0,227755
0,158335
0,074321
0,240772
0,196188
0,141298
0,073872
0,241103
0,175788
0,241489
0,243870
0,196168
0,084283
0,244405
0,149450
0,245905
0,149778
0,155470
0,102713
0,243936
0,081881
0,241093
0,163037
0,197196
0,242749
0,246093
0,233526
0,172000
0,245039
0,244336
0,239895
0,215658
0,237731
0,157428
0,069731
0,062342
0,060224
0,241268
0,041085
0,222430
0,230442
0,244963
0,208315
0,101864
0,245509
0,183345
0,244049
0,213480
0,101921
0,227091
0,219197
0,182459
0,220973
0,110063
0,111721
0,175123
0,113543
0,064347
0,199282
0,201893
0,187846
0,232097
0,074189
0,245443
0,077445
0,060851
0,234322
0,122119
0,218974
0,201168
0,174502
0,070602
0,082734
0,189053
0,211945
0,186435
0,060973
0,225856
0,145504
0,245585
0,128366
0,120358
0,224626
0,233230
0,213692
0,238033
0,198480
0,116970
0,202129
0,226045
0,217077
0,070618
0,097675
0,232587
0,166740
0,067874
0,074949
0,119722
0,075933
0,157927
0,157228
0,191935
0,185833
0,128654
0,155543
0,193421
0,244419
0,226612
0,063344
0,075904
0,059921
0,169623
0,155219
0,195277
0,225143
0,217136
0,171987
0,233810
0,245048
0,237967
0,074961
0,245413
0,232283
0,227870
0,074752
0,099742
0,184343
0,084389
0,220066
0,060309
0,148489
0,240582
0,161783
0,173289
0,237330
0,240671
0,125772
0,228819
0,232571
0,179216
0,240871
0,237271
0,073623
0,238591
0,077345
0,107365
0,242848
0,204865
0,188191
0,221792
0,241128
0,060764
0,126407
0,011603
0,244253
0,016889
0,218079
0,102708
0,100674
0,245532
0,212290
0,233271
0,232169
0,220714
0,148693
0,204726
0,221376
0,246057
0,245590
0,064759
0,244609
0,245769
0,006359
0,232482
0,245960
0,135587
0,235726
0,238848
0,062390
0,229955
0,184547
0,216816
0,094416
0,085814
0,212269
0,070639
0,185880
0,237838
0,244647
0,133714
0,183744
0,215578
0,186278
0,085856
0,117783
0,119905
0,175989
0,245982
0,135368
0,167062
0,234372
0,218945
0,162728
0,209519
0,098275
0,076246
0,245794
0,245303
0,077461
0,238858
0,143126
0,155571
0,236078
0,241413
0,095302
0,246078
0,077436
0,187389
0,232472
0,227325
0,243003
0,174330
0,239622
0,139276
0,212193
0,098944
0,235189
0,077068
0,233372
0,229987
0,224922
0,179151
0,240116
0,048064
0,239945
0,135068
0,067895
0,241616
0,188652
0,179218
0,031351
0,234918
0,229418
0,132489
0,207058
0,088918
0,241898
0,234868
0,210224
0,240219
0,171551
0,065147
0,229455
0,246029
0,233899
0,187573
0,245673
0,236241
0,149416
0,220692
0,113055
0,239274
0,076102
0,192151
0,201175
0,245669
0,077453
0,170096
0,067735
0,245291
0,077423
0,093626
0,245173
0,233589
0,137761
0,051107
0,066957
0,188608
0,108341
0,242125
0,240142
0,061976
0,064162
0,172578
0,143642
0,238106
0,186109
0,245148
0,227381
0,233120
0,074782
0,113040
0,050112
0,215444
0,195470
0,064663
0,182329
0,246094
0,047201
0,159950
0,229486
0,196628
0,240174
0,216258
0,226571
0,077460
0,227466
0,140511
0,129619
0,222951
0,183588
0,070073
0,221207
0,222754
0,180692
0,063104
0,145590
0,144850
0,077880
0,140550
0,221040
0,227416
0,242990
0,240346
0,236086
0,190541
0,073099
0,062246
0,237814
0,233113
0,244519
0,152703
0,245095
0,097109
0,177540
0,119424
0,183870
0,162433
0,125273
0,242435
0,245941
0,146814
0,077369
0,211452
0,244862
0,228151
0,245943
0,244258
0,243866
0,230623
0,246022
0,244897
0,072411
0,129527
0,173281
0,077101
0,087384
0,124952
0,242359
0,237307
0,123629
0,057745
0,228020
0,185618
0,244407
0,243620
0,245779
0,245688
0,199758
0,233139
0,069715
0,170511
0,246089
0,243840
0,063848
0,076340
0,073872
0,213025
0,218824
0,237628
0,235607
0,057469
0,072797
0,242759
0,026139
0,234777
0,243922
0,200632
0,112898
0,226574
0,146360
0,090513
0,169850
0,197476
0,246050
0,215584
0,063035
0,163014
0,244768
0,077311
0,244263
0,224631
0,203549
0,225151
0,127906
0,227032
0,195077
0,021966
0,224472
0,204265
0,079989
0,003806
0,061010
0,068363
0,224008
0,243213
0,147092
0,076674
0,231577
0,213146
0,108374
0,076878
0,246089
0,077276
0,096351
0,191103
0,214997
0,239378
0,202888
0,196660
0,204061
0,076502
0,235803
0,196610
0,122148
0,138945
0,097266
0,199495
0,140406
0,210565
0,242025
0,220977
0,202977
0,244128
0,040420
0,152033
0,238977
0,240490
0,240918
0,046468
0,032928
0,221978
0,145118
0,112709
0,241556
0,197899
0,184789
0,202230
0,230033
0,238274
0,239006
0,152527
0,232267
0,224451
0,017736
0,087690
0,233289
0,138299
0,201539
0,208863
0,243075
0,202184
0,246042
0,245853
0,057090
0,123789
0,194504
0,075759
0,197734
0,076821
0,076524
0,217980
0,245193
0,211064
0,244471
0,245952
0,175250
0,244614
0,107209
0,245994
0,084155
0,246076
0,140858
0,219922
0,210748
0,213401
0,136887
0,087915
0,221383
0,131327
0,065822
0,076591
0,062497
0,075881
0,028060
0,135441
0,216382
0,245544
0,075950
0,187740
0,243139
0,197277
0,171543
0,236263
0,118690
0,222082
0,047874
0,239042
0,201559
0,145769
0,150881
0,200430
0,139465
0,235984
0,072801
0,242976
0,213125
0,245113
0,144041
0,159271
0,245138
0,182508
0,180212
0,138396
0,196253
0,122476
0,125337
0,180580
0,036961
0,189041
0,242363
0,225395
0,166920
0,130429
0,233415
0,228192
0,235072
0,216396
0,077784
0,141959
0,051158
0,208262
0,077323
0,054969
0,154861
0,208527
0,244874
0,125603
0,241248
0,172337
0,176261
0,008138
0,190919
0,186218
0,038617
0,231618
0,242226
0,238704
0,149545
0,230534
0,229442
0,122665
0,125534
0,105956
0,072788
0,115340
0,243269
0,245428
0,239039
0,203082
0,236488
0,070350
0,206542
0,210442
0,116762
0,162415
0,233302
0,167421
0,246068
0,099420
0,185118
0,222956
0,245357
0,245878
0,125582
0,186259
0,207703
0,114130
0,206520
0,243108
0,109586
0,024390
0,236279
0,087063
0,239252
0,155819
0,213004
0,052998
0,207876
0,048161
0,242179
0,112365
0,245399
0,245865
0,118030
0,037746
0,194844
0,244282
0,126553
0,124027
0,028812
0,079186
0,239629
0,240480
0,147729
0,179193
0,155375
0,130038
0,187837
0,178608
0,233344
0,206815
0,245431
0,117358
0,049005
0,095618
0,151624
0,077203
0,237001
0,203863
0,167221
0,245475
0,169586
0,245488
0,080142
0,173611
0,177103
0,246050
0,115907
0,072000
0,116453
0,123082
0,216733
0,242365
0,068264
0,244764
0,245647
0,207738
0,235466
0,229777
0,077401
0,233212
0,051886
0,239836
0,042624
0,233728
0,199210
0,114609
0,076624
0,195853
0,244652
0,082231
0,143406
0,153538
0,087504
0,081567
0,232468
0,240809
0,243647
0,117878
0,187270
0,183185
0,162193
0,245948
0,057963
0,230851
0,055819
0,237519
0,230078
0,224090
0,245320
0,126010
0,192085
0,172239
0,206825
0,163738
0,231228
0,138400
0,220613
0,174018
0,233566
0,183651
0,131838
0,195456
0,216716
0,212501
0,062084
0,077209
0,149971
0,225110
0,241878
0,022116
0,068617
0,064205
0,223445
0,240816
0,072786
0,164856
0,218822
0,056178
0,244170
0,238735
0,067256
0,245756
0,245846
0,243249
0,197932
0,070701
0,220642
0,225794
0,241061
0,245716
0,212764
0,215260
0,201262
0,067646
0,133030
0,180896
0,066625
0,069357
0,127280
0,181537
0,129468
0,235314
0,173593
0,243719
0,244255
0,057847
0,077435
0,122296
0,245251
0,077189
0,196210
0,239935
0,027725
0,092558
0,241944
0,245673
0,095291
0,225144
0,237496
0,189342
0,215097
0,168886
0,155202
0,170733
0,076600
0,090294
0,077124
0,043929
0,174876
0,245448
0,176632
0,220850
0,178590
0,179116
0,171856
0,150818
0,177449
0,137522
0,179539
0,172834
0,159663
0,188419
0,142091
0,243145
0,051008
0,175711
0,210186
0,092643
0,199483
0,169293
0,058971
0,190729
0,173598
0,243834
0,214128
0,102592
0,062882
0,159204
0,075244
0,240060
0,168576
0,205776
0,190302
0,246029
0,108343
0,179559
0,245451
0,237459
0,062641
0,243050
0,225198
0,049152
0,040464
0,178050
0,241968
0,221463
0,199305
0,240083
0,246062
0,092040
0,127262
0,087289
0,214946
0,211684
0,075126
0,196533
0,237655
0,047906
0,245741
0,245718
0,220141
0,107066
0,024906
0,246081
0,224458
0,136805
0,228954
0,208411
0,238864
0,220677
0,074541
0,212510
0,221524
0,243263
0,240410
0,234760
0,174069
0,240777
0,158697
0,245081
0,228858
0,041970
0,227164
0,211640
0,191685
0,098462
0,207206
0,155399
0,075401
0,027856
0,243034
0,245493
0,183227
0,065234
0,221511
0,193459
0,235660
0,210435
0,065228
0,237466
0,243006
0,155381
0,053206
0,228798
0,087422
0,073937
0,204813
0,065747
0,229702
0,158615
0,230876
0,188906
0,133963
0,082683
0,171115
0,071425
0,188374
0,195312
0,027207
0,084112
0,112061
0,231055
0,077350
0,068091
0,133443
0,195857
0,237315
0,145325
0,022745
0,034117
0,220125
0,153363
0,063613
0,159073
0,190215
0,214409
0,242125
0,015216
0,228802
0,239854
0,224754
0,217845
0,244814
0,134957
0,144655
0,245141
0,237581
0,208935
0,198493
0,140203
0,080700
0,151772
0,235256
0,205164
0,106596
0,115168
0,076808
0,244429
0,187706
0,243427
0,073843
0,065882
0,180952
0,077108
0,186091
0,232581
0,148711
0,246051
0,243048
0,108254
0,196444
0,244807
0,231063
0,053941
0,087243
0,215171
0,212866
0,163698
0,243537
0,230880
0,144114
0,187242
0,203823
0,048428
0,198624
0,076995
0,170491
0,199309
0,208938
0,196683
0,230177
0,217729
0,233475
0,182435
0,177788
0,177936
0,227833
0,219811
0,112064
0,244675
0,087503
0,237249
0,066742
0,238680
0,145848
0,077346
0,203639
0,077776
0,153164
0,055259
0,227162
0,156126
0,224572
0,191067
0,227559
0,246055
0,183313
