-1,459501
-3,517898
-3,330104
-3,896540
-4,762864
-5,972585
-1,040585
-3,101689
-6,809561
-4,080543
-3,596943
-3,865749
-4,230422
-2,001417
-4,121589
-1,549101
-1,619220
-3,757709
0,281811
-2,788342
-4,927446
-0,207722
-5,155608
-4,504661
-3,927904
-3,459498
-3,185173
-0,431586
-4,655274
-0,395128
-1,737744
-1,281325
-5,782932
0,912825
-6,851240
-2,087592
-2,841869
-2,763829
-5,162016
-2,237809
-1,567067
-6,166448
-0,369880
-3,013434
-4,682657
-3,757478
-4,447708
-2,153778
-2,232721
-2,570891
-5,542068
0,012061
-3,084867
-4,491051
-3,713558
-4,707014
-2,194749
-3,418290
-5,457203
0,120060
-3,117123
-1,706152
-0,017014
-5,041755
-1,546294
-2,667390
-3,158795
-5,084070
-3,218962
-2,432059
-3,587815
-4,929017
-0,191830
-3,388932
-2,108110
-2,925983
-3,800214
-4,108715
-4,468655
-4,583065
0,021685
-5,056799
-5,056260
0,695194
-1,859157
-2,532298
-0,593073
-3,384594
-0,923517
-3,071528
-3,602578
-2,512542
-3,152615
-1,402935
-4,388702
-2,196675
-4,951571
-4,541498
-0,381272
-1,630017
-4,907924
-3,238555
-4,297073
-4,530441
-4,051552
-5,462499
-4,724062
-3,985278
-4,534081
-4,163578
-5,615311
-3,174917
-3,574846
-2,913395
-3,988420
-2,633032
-2,347123
-3,899020
-6,072948
-3,037866
-0,657277
-1,331950
-4,176960
0,223269
-2,437191
-4,036390
-4,286836
-5,040860
-4,447196
-3,112820
-2,003461
-5,525726
-3,099232
-2,461545
-1,960795
-3,290032
-0,407662
-5,158905
-4,966286
-4,083303
0,857433
-5,798103
-3,609045
-3,793067
-4,721149
-4,249453
-1,741279
-0,107635
-0,399844
-4,539541
-1,848699
-3,499062
-4,387449
-2,212623
-2,021290
-2,118104
-2,368031
-4,582974
-3,920636
-2,346747
-5,039428
-4,865179
-3,557442
-4,713224
-3,284006
-1,860485
-4,670423
-3,992795
-6,173253
-3,330747
-2,100415
-3,201478
-3,184092
-3,760869
-0,848345
-2,915635
-2,749569
0,561437
-0,946147
-3,025588
-1,726242
-2,486350
-4,438039
-6,883947
-1,646696
-3,000779
-5,632573
-0,809313
-3,823263
-2,370577
0,046479
-1,357456
-4,865648
-3,669808
-4,106184
-2,383395
-2,887958
0,851370
-3,682649
-3,854093
-2,393855
-1,972537
-3,787222
0,246237
-5,997446
-6,124760
-3,877260
-5,349298
-1,536289
0,086914
-4,879989
-2,472154
-3,919444
-3,746097
-4,679678
-1,995251
-3,747804
-3,016785
-3,437147
-3,043830
-4,845581
0,212924
-5,994575
-3,863021
-2,728432
-0,461092
-1,811224
-3,724633
-3,007625
-2,287470
0,173692
-2,586655
-4,292733
-4,779983
-4,424739
-3,391380
-4,090126
-0,759966
-0,624465
-2,824530
-4,428569
-2,590718
-2,949481
0,067194
-1,450455
-3,339744
-4,440574
-3,459838
-5,485318
-2,326812
-2,961504
-3,875750
-0,419599
-5,444770
-4,722413
-4,140833
-5,197445
-2,293307
-0,032793
0,757485
-3,780037
-3,562406
-5,134820
-4,136153
-4,569413
-1,634648
-2,496454
-2,310608
-6,552354
-6,357936
-4,739796
-3,369396
-4,594754
-2,129090
-0,567548
-0,681185
-3,940335
-4,535855
-3,614833
-5,080659
-4,138029
-3,188769
-2,324345
-4,940153
-4,760681
-4,015256
-3,983001
-1,843990
-5,163189
-5,897428
-0,555259
-2,349498
0,309686
-1,994265
-5,288096
-0,896759
-4,057063
-3,501654
-4,352391
-0,104747
-4,873801
0,093344
0,303199
-3,689678
-5,077288
-2,744974
-2,825637
-4,749722
-1,991633
-5,602415
-3,050364
-4,294532
-0,122172
-6,020208
-5,291728
-4,023350
-4,340491
-2,379218
0,547244
-4,394879
-2,699554
-3,951908
-3,047734
-2,622428
-2,944912
-5,100935
-3,050046
-4,419810
-3,055911
-2,455644
-3,805427
-2,411133
-0,407193
-4,733374
-2,984659
-2,134229
-4,305454
-3,434176
0,308964
-3,615392
0,682054
-4,064447
-5,503537
-4,024379
-6,456502
0,307112
0,359505
-3,625376
-3,145137
-5,804049
-4,081181
-4,127932
-0,275673
-5,943512
-2,318148
-0,292856
-4,057445
-4,452996
-3,782848
-1,280669
-2,431950
-2,466233
-3,686040
-5,189601
-2,898788
-5,252634
-2,109718
-0,004511
0,434783
-5,108229
-1,498215
-5,081454
-3,234713
-4,267869
-1,642106
-5,829843
-3,856163
-2,450417
-2,816801
-0,547361
-3,257092
-3,475843
-0,363835
-0,318009
-2,581215
-4,859013
-5,195549
-3,195388
-5,404278
-0,022268
-2,278955
-0,035976
-1,995647
-4,225254
-2,121739
-0,190367
-6,742374
-3,004915
0,476307
-1,088537
-5,203416
-1,852907
-4,549195
-6,507246
-0,606074
-5,888405
-4,774477
-5,398337
-1,821528
0,646502
-2,404294
-4,230660
-5,380513
-4,481355
-3,318712
-1,549809
-4,045159
-5,378744
-2,657069
-4,701300
-1,942929
-4,353935
-6,144457
-2,655940
-3,192523
-1,471704
-2,835702
-4,003142
-2,315616
-2,031913
-5,866911
-5,173316
-5,461938
-4,661496
-1,908540
-4,149585
-5,639143
-3,533764
-3,331007
-2,615095
-2,307005
0,397773
-1,858932
-3,039973
-6,787936
-2,311915
-2,651780
-4,800663
-1,352378
-3,149276
-3,029545
-2,474047
-2,625168
-3,522903
-4,889564
-3,242908
-2,790718
-3,991557
-0,785070
-3,932835
-0,044454
-4,764627
-0,495274
-1,810696
-4,026150
-1,618291
-5,240990
-2,815880
-4,309065
-4,056664
-3,397634
0,044852
-2,084230
-5,226794
-4,026408
-3,371732
-4,914619
-3,703487
-2,902210
-3,685223
-0,311910
-5,321278
-2,149267
-3,780229
-0,777118
-5,024727
-4,719166
0,344156
-5,852472
-4,830101
-2,495483
-4,644969
-4,308543
-2,930357
-3,603310
-2,392816
-2,224320
-3,433624
-3,082238
-3,302398
-4,986510
-1,818270
-4,938600
-2,989369
-3,366629
-3,297626
-2,230475
-3,138586
-2,136122
-3,639859
-2,377243
-2,721174
-4,548698
-3,584433
-3,125800
-3,474823
-4,358949
-2,160814
-5,024441
-3,125416
-0,250730
-4,115680
-4,419322
-2,622596
-2,080153
-4,298622
-1,989318
-4,979721
-5,181643
-2,110795
-3,219594
-4,454795
-3,656463
-4,259861
-5,480763
-1,193663
-5,650610
-5,426468
-0,018243
-4,294690
-0,129782
-2,373242
-4,017596
-1,959275
-0,260255
-4,205103
-4,512459
-4,319675
-2,429609
-1,930470
-4,776407
-2,673838
-4,928136
-1,986037
-1,015318
-3,664525
-4,020282
-4,187763
-3,058181
-1,872365
-2,937917
-2,941101
-2,818565
-6,346788
-1,516658
-5,530689
-5,201567
-3,710132
-2,195457
-0,913849
-2,557612
-2,473787
-2,988787
-4,283342
0,894044
-0,722455
-5,450202
-2,531215
-0,521626
-4,309623
-2,288010
-4,154419
-4,796076
-2,262967
-2,813756
-5,491239
-3,245285
-3,862563
-3,319900
-3,641499
-3,286287
-4,590509
-3,640239
0,069882
-3,526022
-2,102926
-3,345051
-3,646625
-4,969184
-3,912105
-6,275862
-5,231017
-1,184776
-2,808310
-3,123645
-3,815577
-6,567907
-6,024316
-3,610795
-2,049777
-3,397916
-4,056204
-2,214613
-4,610094
-3,590677
-1,677134
-2,933912
-4,173087
-3,624941
0,365946
-4,446154
-4,839196
-3,407452
0,041109
-4,212699
-4,187088
-5,692280
-6,665586
-2,826258
-1,562131
-6,035653
-3,674381
-4,119342
-1,686779
-4,865307
-3,906312
-2,893951
-4,559774
-0,926410
-1,670601
-4,112360
-5,506747
-4,024323
-6,869721
-1,737726
-0,504185
-2,862416
-3,587392
-2,559896
-2,634888
-4,202128
-4,119215
-2,755204
-5,500960
-3,214755
-3,741356
-5,448874
-2,435166
-2,310332
-4,372563
-3,330369
-3,130488
-3,738127
-3,786822
-3,588795
-3,501979
-3,935310
-1,862227
-3,383864
-2,326541
0,284151
-4,420853
-2,069307
-5,252802
-6,354679
-1,556719
-4,006497
-0,042833
0,401546
-2,742467
-2,019758
-2,811122
-2,872166
-4,399720
-2,752703
-0,097531
0,502312
-3,039506
0,423076
-2,563028
-3,202057
-0,575408
-0,645154
-0,052455
-3,701193
-2,882413
-3,667934
-2,667011
-6,197115
-3,854883
-3,077616
-0,602300
-2,565093
-3,568776
-3,072659
0,316618
-3,600889
-4,642771
-2,944052
-0,578583
-3,735995
-4,338806
-5,424219
-4,695738
-1,907726
-3,885399
-4,391581
-2,106019
-6,027009
-2,495308
-5,843011
-3,703262
-1,963524
-4,435873
-2,057273
-4,829065
-1,555719
-3,486738
-6,213069
-0,187513
-0,301525
-2,804676
-4,748134
-2,123900
-4,239806
-5,450234
-3,364477
-3,590773
-4,470562
-1,155088
-3,847650
-5,464080
-2,689619
-2,299173
-2,375131
-4,154179
-3,825270
-1,896684
-2,579457
-0,258687
-4,625908
-1,599033
-4,002171
-2,313658
-0,072422
-5,739699
-5,846307
-3,353233
-6,234277
-4,637375
-2,947807
-2,368482
-5,526688
-4,395627
-5,388884
-0,069594
-2,886103
-2,869572
-4,837757
-0,279194
-4,982948
-2,705313
0,459733
-4,602904
-3,898987
-4,816884
-5,582575
-3,715478
-3,840785
-4,865007
-3,743832
-3,006611
-0,777213
-3,450652
-2,538749
-2,440002
-5,493428
-2,665962
-3,091780
-5,782341
-4,607043
-6,176138
-4,936070
-3,803581
-4,685818
-2,323270
-3,589461
-4,987111
-0,807861
-3,487741
-3,976073
-3,784270
-4,616140
-5,989854
-4,128984
-4,109683
-3,941903
0,432828
-1,762401
-3,445468
-3,281771
-3,368598
-3,191679
-6,470887
-1,931820
-3,343183
-2,791531
-2,422745
-2,064963
-1,035170
-3,905613
-2,253153
-2,519882
-1,606540
-1,877417
-2,140604
-3,418428
-2,997161
-4,519361
-0,191527
0,190862
-5,373071
-5,702785
-0,601931
-3,203017
-4,279035
-3,718847
-4,077730
-4,287798
-3,704111
-4,134198
-2,054468
-3,072941
-4,847693
-3,546973
-3,142777
-1,575801
-2,733797
-4,749067
-3,382451
-3,377298
-3,436041
-4,148527
-3,968487
-3,178463
-4,757504
-2,049909
-3,290042
-0,468828
-4,546850
-6,558188
-4,220479
-6,237038
-2,020742
-0,668765
0,606306
-4,291471
-0,171038
-0,989533
-3,496795
-3,859126
-3,208243
-3,646322
-0,463867
-2,876689
-3,436830
-4,537849
-0,938830
-3,108820
-4,314484
-6,043930
-4,883308
-3,808974
-1,509193
-3,768041
-3,900032
-2,190690
-4,791189
-3,962794
-0,390035
-0,753021
-2,472746
-2,513776
-2,518140
-3,945521
-4,159956
-3,053795
-3,510120
0,732107
-3,394321
-0,521902
-3,587126
-4,312310
-4,090897
-0,175662
-5,167249
-0,508807
-0,753217
-4,487985
-2,173706
-1,811070
-3,614738
-2,798483
-4,745432
-0,304362
-2,096211
-3,462196
-5,085771
-3,464501
-4,501061
-3,476182
-3,242241
-5,224085
-2,025988
-0,000592
0,779099
-0,078749
-3,329995
-4,720128
-1,617527
-4,274951
-5,386733
-5,485950
-4,887117
-1,052395
-1,695095
0,099904
-3,187975
-1,552105
-2,832821
-1,502233
-1,829923
-4,110996
-2,746191
-3,655904
-3,869331
-4,572940
-3,791164
-3,937562
-1,707656
-3,625094
-6,122379
-5,733075
-2,061970
-1,949945
-3,593837
-2,218182
-4,987061
-4,705512
-2,676407
-6,731631
-4,990391
-4,560637
-4,636527
-2,984134
-2,450541
-0,872151
-3,045249
-1,867946
-4,716093
-2,789854
-5,070744
-4,626351
-2,657287
-2,479191
-3,106477
-1,661869
-4,429607
-1,124039
-2,866621
-5,317573
-3,588231
-5,760168
-2,533342
0,488414
-1,686707
-0,976436
-1,773005
-2,642139
-4,748554
-1,862333
-4,096215
-1,511666
-3,575138
-5,488549
-4,777122
-1,798393
-2,842175
-0,736500
-2,265321
-4,239510
-1,718511
-4,270456
-0,636824
-2,895579
-2,318429
-3,548647
-2,742637
-2,212472
-5,026290
-3,473394
-4,629113
-4,403587
-3,183418
-4,959605
-0,367846
-2,466794
-4,891729
-5,244956
-4,526095
-2,729533
-2,755464
-4,871215
-3,874249
-2,787149
-4,305314
-1,286956
-5,417632
-2,601575
-1,550250
-2,835066
-3,754244
-1,452160
-3,540059
0,591851
-3,165021
-2,160840
-4,901127
0,281537
-2,608614
-3,446879
-5,315155
-4,490693
-5,050075
-0,686725
-3,282148
-5,163008
-5,608183
-5,276770
-5,752146
-2,625328
-4,774767
-3,230423
-1,696372
-2,587899
-2,186452
-5,685687
-1,993039
-0,369241
-1,439371
-2,521644
-4,581432
-4,401569
-4,447732
-3,501108
-3,633298
-3,778595
-5,704061
0,102223
-1,714253
-2,831657
-3,799912
-2,975579
-3,273953
-2,484482
-1,925322
-3,064094
-3,967463
-3,905556
-4,934934
-4,060382
0,442342
-5,545722
-3,434470
-0,644887
-1,919612
-6,127079
-3,081968
-3,884141
-2,857456
-2,280514
0,652680
-3,912213
-2,296706
-1,361575
-2,206425
0,197428
-3,493193
-4,475348
-4,523169
-5,167422
-4,504861
-3,425423
-2,622559
-3,654284
-4,649568
-4,609073
0,402389
-5,978722
-3,750393
-3,820065
-3,738622
-3,272754
-3,311137
-5,031912
-3,617046
-2,273131
-4,704953
-4,311200
-4,886764
-5,577401
-3,502103
-4,571678
-1,638643
-2,505945
-5,546475
-3,145610
-3,546153
-4,497193
-6,564397
-2,521782
-3,636393
-3,763440
-2,852457
-2,253088
-2,408486
-3,095257
-0,451017
-3,461924
-2,485755
-3,699591
-0,298429
-0,699617
-4,278743
-6,376841
-3,601180
-2,574637
-0,469074
-1,683925
-2,465676
-4,245362
-5,362459
-4,234081
-0,748463
-3,281522
-4,232778
-3,950193
-2,381470
-4,225685
-4,412309
-3,635430
-2,231495
-3,574105
-2,016553
-1,803614
-2,512660
-1,613980
-4,186272
-5,385668
-4,563652
-2,613631
0,805237
-4,777385
-4,166004
-1,990453
-2,244256
-3,098240
-2,464547
-4,909077
-5,005973
-5,980636
-3,040064
-3,701840
-1,957667
-3,135534
-3,429906
-4,549545
-4,361276
-0,012749
-5,271666
-4,100981
-1,348865
-5,294205
-3,144093
-3,999328
-5,009878
0,197080
-3,049603
-1,957918
-3,035348
-4,835255
-4,491394
-2,081587
-1,744335
0,615469
0,681697
-1,035446
-1,975993
-4,786413
-2,422685
-4,301750
-0,947905
-3,613352
-4,398539
-2,618137
-2,105008
-3,567245
-5,155093
-4,988148
-3,664567
-3,665653
-2,673752
-1,865335
-2,400280
-4,468981
-2,578777
-5,298438
-3,655950
-2,966891
-5,462473
-4,895038
-2,979566
-5,558803
-5,862562
-2,963358
-3,651977
-1,341527
-3,433911
-4,358112
-3,744493
-0,579638
-3,234259
-0,082755
-2,955782
-4,813606
-2,987104
-3,619735
-3,143525
-0,888218
-4,189400
-4,155229
-2,642835
-2,632848
-4,297140
-5,125729
-3,151319
-5,336843
-4,004569
-4,384780
-3,798471
-3,211729
-3,381077
-3,406446
-2,047155
-2,594834
-0,795542
-2,697293
-1,398937
-3,725505
-3,631548
-7,179660
-3,245553
-2,008325
-0,786714
-2,163869
-0,072518
-4,322608
-2,403890
-3,732218
-3,328751
0,042482
-5,269716
0,493461
-3,112734
-2,965501
-4,679355
-3,502413
-2,948268
-7,148447
-4,059976
-2,763447
-2,145136
-0,787380
-4,124456
-4,005271
-1,912591
-4,846077
-3,986281
-4,589790
-4,523630
-4,160697
-3,584752
-3,491144
-2,634062
-2,917391
-4,913157
-2,186811
-5,398590
-5,489924
-4,411819
-3,464257
-2,304287
-2,568188
-0,388910
-4,810518
-6,363903
-4,224873
-0,378605
-0,324082
0,030662
-0,551004
-3,657981
-5,150703
-2,855013
-5,817370
-4,286907
-1,947103
0,218676
-3,254580
-4,834721
-3,681882
-4,927967
-4,622852
-2,621224
-5,595924
-5,990565
-2,331079
-2,366869
-4,470401
-3,299195
-5,571074
-0,274229
-3,608488
-5,722490
-3,447967
-4,107222
-3,492953
-0,487701
-4,265250
-4,284969
-4,241268
-2,607989
-4,653563
-5,491651
-2,072076
-1,904948
-3,501898
-3,374367
-4,217816
-3,264538
-4,366342
-3,862221
-3,648912
-3,456575
0,167863
-3,301793
-4,814592
-4,302099
-1,859999
-2,217134
-3,339563
-0,076365
-6,205066
-1,430659
-2,596814
-2,742662
-2,841117
-5,110458
-1,895681
-0,763177
-5,109117
-3,967565
-0,250463
-3,070265
-1,316705
-0,863536
-4,234417
-3,184540
-0,226549
-3,649456
0,505785
-5,027357
0,333173
-4,903291
-4,465777
-2,861286
-0,904731
-3,876021
-3,506124
0,886603
-4,857671
-3,651173
-3,259227
-5,758656
-0,263237
-0,092004
-1,820346
-4,220522
-4,894150
0,250765
-4,643228
-2,177712
-2,593274
-5,597529
-2,769272
-3,067615
-2,215499
-3,897344
-3,975116
0,331897
-3,489691
-3,699778
-1,605824
-3,322943
-4,533506
-4,887291
-3,698234
-2,077334
-2,488189
-1,809888
-0,056377
-4,013769
-3,260873
-4,725223
-4,864410
-2,221386
-5,038704
-4,287957
-5,034571
-4,440405
-0,823598
-6,109039
-4,151800
-1,727322
-4,102251
-5,205196
-2,620630
-5,131834
-2,684041
-3,353984
-3,519884
-4,161784
-0,834488
-4,564885
-0,573406
-3,174559
-3,224188
-3,232300
-0,179593
-5,191680
-4,747308
-1,636628
-2,175655
-4,551373
-6,211376
-0,078109
-3,404678
-2,858528
-4,861971
-0,880138
-3,754959
-4,167167
-3,309832
-1,343567
0,474681
-2,825120
-0,126215
-0,479217
-4,302120
-2,518500
-3,073346
-2,322876
-6,020771
-3,343256
-4,344015
-6,321901
-3,294370
-5,933272
-3,432974
-3,689466
-6,064081
-2,483300
-5,422147
-4,525579
-5,899624
0,538887
-4,069037
-3,122484
-2,771677
-2,976375
-2,318371
-4,300110
0,303313
-4,457053
-3,086099
-3,769093
-5,677807
-3,399831
-3,476875
-3,311069
-3,063848
-5,761077
-2,779453
-2,877484
-4,829662
-2,923152
-2,779446
-2,419988
-3,438367
-4,758165
-4,259765
-4,181132
-4,483182
-0,266206
-2,302388
-3,245230
-1,339653
-2,314440
-5,133047
-3,503829
-5,483065
-4,120114
-0,252996
-4,386981
-3,377893
-1,837535
-3,823792
-3,014479
-3,548490
-4,630165
-5,061705
-3,224066
-2,894727
-4,468817
-3,799337
-2,104834
-5,970753
-4,496391
-2,958739
-2,150976
-3,394272
-5,232197
-1,318934
-3,286259
-2,708552
-2,764371
-3,381424
-5,779285
-2,629947
-5,840063
-2,284856
-3,994856
-5,227131
-1,832230
-2,262732
-2,114215
-5,823399
-2,013005
-3,487478
-1,709929
-5,469424
-4,745978
0,378868
-2,566085
-4,170040
-5,289986
-3,677550
-5,871477
-3,097515
-4,736960
-3,627626
-5,168331
-2,972372
-4,235131
0,120878
-4,196845
-3,876796
-2,123087
-1,850207
-0,982687
-3,278695
-0,207844
-4,946522
0,160550
-5,161722
-1,962338
-2,175341
-5,301551
-3,851422
-4,716823
-4,920619
0,072032
-2,246157
-2,500614
-1,679888
-1,372858
-4,601525
-3,631455
-2,929320
0,316300
-4,018124
-1,397656
-0,392183
0,365119
-2,925405
-2,653747
-1,770249
-2,113245
-1,909148
-2,503907
-1,275483
-0,364678
-5,180053
-0,816797
0,281885
-4,904879
-4,597652
-4,513254
0,233022
-1,542971
-2,094624
0,391145
-4,741197
-3,336286
0,367378
-2,701828
-6,113002
-3,279785
-5,725115
-5,771611
-1,455633
-0,509671
-5,137955
-2,426219
-3,888867
-4,521955
-3,633989
0,844863
-2,943269
-5,053330
-0,710881
-2,433730
-4,703984
-2,074523
-5,962825
-3,253855
-0,419530
-1,987165
-3,388072
-2,886733
-1,773307
-4,781973
-4,513752
-2,213932
-3,198526
-0,873585
-2,198432
-3,960687
-3,011574
-2,525815
-2,544826
-0,155964
-1,450835
-3,738890
-4,605969
-4,064918
0,232045
-3,921419
0,550521
-3,594007
-5,620520
-0,632973
-3,526858
-3,483083
-3,948139
-3,344371
-4,377081
-2,568197
-2,758752
-3,825080
-0,252811
-3,233074
-1,572849
-2,336863
-3,026480
-0,160783
-0,396112
-3,254107
-4,426792
-4,522385
-4,072065
-2,044343
-5,559560
-3,328034
-3,121161
-2,097489
-3,842505
-0,178998
-1,971211
-3,686429
-3,562973
-2,952546
-4,743431
-5,444775
-5,704713
-1,782346
-2,124387
-5,118953
-4,555932
-2,999662
-2,783351
-5,847258
-3,834440
-5,170026
-3,671324
-2,454133
-1,533915
-2,812728
0,572962
-4,775925
-5,328417
-4,133908
-3,612525
-2,684499
-2,042961
-3,776566
-2,644602
-4,380027
-0,129660
-5,684684
-1,035952
-0,464831
-5,484444
-2,018469
-5,020374
-2,465647
-1,177308
-3,946976
-4,160980
-4,228373
-5,346369
-3,370380
-2,053936
-3,597121
-1,730454
-4,154114
-2,890404
-5,163924
-0,599135
-5,188193
-1,459610
-4,156364
-3,837141
-2,922789
-4,477644
-3,193938
0,400005
-2,988780
-3,499830
-4,552611
-1,962210
-2,163088
-3,998073
-2,699415
-0,453728
-5,468225
-2,607743
-3,385534
-2,903714
-4,265421
-2,429220
-4,255084
-2,179568
-5,093917
-2,935623
-1,587428
-0,061381
-4,752267
-5,815425
-1,744287
-3,098625
-2,849425
-4,513242
-4,459634
-5,330631
-0,759973
-3,912778
-0,909055
-2,785140
-4,961115
-2,612159
-2,560665
-3,768273
-3,316902
-4,529431
-3,074437
-4,626154
-4,349576
-3,360764
-4,957684
-1,811196
-1,298315
-0,304965
-2,374352
-4,818102
-4,991486
-4,660581
-0,139602
-5,128335
-3,277433
-3,816565
-3,867095
-4,954540
-1,588059
-4,407560
-2,274066
-4,450408
-1,613714
-2,866373
-3,488580
-5,921172
-3,070911
-0,681404
-2,145754
-1,217515
-4,095055
-5,057319
0,183686
-4,111037
-3,276308
-3,341928
-5,561125
-0,657223
-4,982651
-2,039408
-5,019326
-4,253088
-1,904565
-2,956038
-5,292315
-3,102983
-4,153036
-4,349350
-2,068705
-2,601175
-2,855283
-3,473154
-3,394530
-5,550924
-4,007287
-3,490253
-3,696115
-1,560109
-3,294084
-2,189422
-0,308507
-3,454001
-4,001532
0,097783
-5,488030
-3,224511
-4,409580
-3,830834
-3,760117
-1,960065
-4,829060
-2,424698
-3,876657
-3,994009
-3,368310
-2,571499
-4,043420
-5,436956
-4,153706
-1,397456
-1,978459
-3,886638
-4,727458
-1,348361
-1,813612
-4,939588
-3,453451
-2,598064
-4,697109
-2,468156
-4,309618
-5,936515
0,199469
-3,042252
0,000550
-3,715668
-4,778026
-2,815957
-6,452221
-4,785659
-2,965423
-3,891126
-1,134227
-2,807379
-4,558922
0,244072
-4,005075
-6,365707
-3,002486
-3,133712
-3,824087
-2,364740
-2,084408
-3,561187
-0,627949
-1,864415
-3,249280
-2,844994
-1,814863
-2,798312
-0,194293
-4,435445
-2,784849
-5,280825
-4,431583
-2,945245
-1,125139
-5,121033
-2,524720
-5,401508
0,072713
-2,922900
-3,034554
-2,096175
-3,812947
-4,164589
-3,793947
-3,850551
-0,508845
-4,787969
0,856509
-3,776697
-2,303773
-2,667792
-4,132631
-3,988491
-4,429119
-2,527794
-0,233885
-5,172068
-5,834793
-2,270975
-5,251144
0,512906
0,237514
-5,150748
-3,220690
-2,699043
-1,509930
-3,011636
-2,615094
-3,957099
-5,800977
-4,968518
-3,680418
-3,329998
0,581313
-3,806394
-5,164402
-3,875214
-4,717110
-4,566037
-2,292713
-2,423227
-3,465786
-3,149978
-4,284859
-1,810264
-0,737226
-2,658201
-2,894647
-6,299466
-5,539875
-3,507627
-5,945109
-3,924934
-4,844566
-3,138120
-2,645008
-2,884769
-2,458967
-6,359165
-0,369574
-4,037885
-1,878385
-3,711414
0,207807
-0,222884
-6,006662
-5,287811
-4,141065
-6,224532
-5,617951
0,128239
-0,192989
-4,087608
-4,807861
-1,811392
-4,473019
-1,277760
-3,861026
-3,986712
-2,344745
-1,301476
-5,624871
-0,488201
-3,951559
-3,866846
-3,523707
-2,164594
-2,836274
-1,682974
0,115651
-1,757522
-3,217153
-2,136494
-5,201191
0,302254
-4,338797
-2,449294
-0,590819
-2,538402
-2,882367
-5,689026
-2,927491
-3,685915
-5,382005
-1,549581
-2,179397
-3,282190
-2,576489
-3,215252
-1,715553
-2,989693
-4,227461
-1,097353
-2,831777
-4,454851
-4,234879
-2,383756
-2,138217
-5,485179
-2,205646
-2,559592
-0,004808
-3,167439
-2,214599
-3,494342
0,307557
-2,453154
-0,089019
-2,939486
-5,749005
-3,934226
-4,331116
-3,564331
-5,062797
-1,937500
-2,224677
-0,156312
-2,490398
-4,503513
-4,114376
-4,024521
0,692690
-3,940343
0,110008
-2,085492
-3,443612
-5,671096
-3,594197
-0,561860
-3,209637
-4,726809
-3,202635
-0,477805
-2,003737
-4,627336
-3,196922
-5,444186
0,135939
-3,395606
-4,522247
-4,172396
-4,533850
-1,877071
-5,399519
-3,649658
-5,317343
0,321297
-0,086567
-0,913826
-5,356991
-5,370479
-5,303843
-3,942279
-5,384505
-4,321579
-2,940448
-0,534429
-2,161911
-3,281233
-0,564837
-3,268719
-2,626307
-2,840974
-2,919302
-3,409573
-4,890649
-3,245097
-3,365995
-1,700236
-4,498922
-3,826625
-3,081454
-1,271558
0,108232
-5,099064
-5,203952
-5,481166
-4,214627
-2,374186
-5,285334
-3,591098
-4,078094
-2,837410
-5,848524
-0,369984
-4,345557
-4,285161
0,714273
-4,740073
-3,471363
-3,373029
-5,926231
-1,265060
-3,282686
0,088622
-1,870850
-5,523887
-4,158179
-2,338051
-5,522299
-3,034499
-5,879132
-5,051802
-4,122085
-2,219220
-4,502423
-3,359204
-3,410079
-4,562272
-3,512349
-2,843220
0,296312
0,129718
-5,109873
-3,546181
-4,561159
-2,701115
-4,756300
-6,503565
-1,791328
-4,389000
-3,662052
-3,525548
-2,401320
-3,792378
-1,929849
-2,056935
-3,086558
-3,010494
-4,454372
-4,150110
-2,890675
-5,954373
-1,538002
-5,431710
-4,767201
-5,018162
-2,492539
-3,799269
-4,091538
-3,694359
-4,962572
-2,610378
0,378341
-3,950311
-3,271292
-0,715296
-0,859494
-4,117586
-2,927659
-4,678633
-4,344024
-5,525808
-4,860716
-4,073641
-5,002157
-6,701308
-2,404454
-4,074447
-0,196756
-1,135835
-4,468738
-2,095325
-3,950148
-0,115946
-1,155958
-4,638052
-2,799943
-4,554936
-3,193585
-3,185694
-4,554445
-2,175362
-2,688147
-2,813278
-2,809411
-3,171276
-2,883939
-5,288842
-3,473327
-3,650955
-3,419778
-4,172129
-3,484371
0,117450
-4,918506
-3,166037
-2,472047
-2,772774
-3,836485
-1,498472
-1,860978
-2,525530
-4,800616
-3,817488
-5,854763
-4,308191
-5,439081
-3,847587
-5,820100
-4,773154
0,234570
0,497388
-1,774409
-4,907302
-2,660271
0,256642
-4,672879
-2,028085
-5,255819
-2,096324
0,288836
0,768169
-2,943843
-3,550058
-3,953763
-0,190526
0,644466
-2,223759
-0,351685
-4,133607
-3,692371
-2,027071
-4,309153
-2,460956
-3,914314
-5,118471
-0,719115
-0,502007
-4,443339
-4,262458
-4,362859
-4,825330
-2,562414
-0,904463
-5,352112
-4,515225
-5,144580
-2,444193
-3,954367
-3,796155
-5,690344
-2,939421
-2,679934
0,054689
-2,354305
-2,683123
-1,372901
-3,136160
-6,209202
-4,747367
-2,647578
-6,349711
-3,035544
-4,302708
-6,463358
-1,764094
-2,199369
-0,958023
-3,098626
-4,803129
-2,588413
-4,430275
-4,255462
-3,475455
-3,749323
-1,117283
-5,122024
-4,508942
-4,533883
-1,664432
-3,680183
-1,115737
-5,356060
-2,532392
-2,747456
-3,457158
-5,035924
-3,738832
-3,443896
-5,875516
-3,299083
-5,275926
0,084043
-4,676786
-1,147140
-1,546037
-0,912845
-0,623058
-3,554302
-2,667502
-4,712964
-2,292532
-3,690785
-2,650334
-0,188107
-2,922822
-3,659156
-4,017864
-1,326898
0,061818
-0,138582
-5,215675
-4,133507
-3,146598
-6,431278
-2,198984
-3,952503
-5,773286
-4,100265
-5,030785
-2,513834
-4,023084
-5,059910
-0,070385
-1,431347
-0,824837
-0,433123
-3,978918
-3,866675
-3,433880
-3,424205
-2,631748
-3,123252
-5,759613
-5,848353
-6,223312
-1,879166
-3,888428
-0,310025
-4,211856
-2,846477
-3,975232
-1,415633
-2,707457
-4,959492
-1,907266
-5,416629
-2,072254
-3,525955
-4,588745
-5,032609
-2,519066
-4,033517
-4,598741
-2,905524
-3,759507
-4,482408
-3,340044
-4,119683
-4,882397
-4,124645
-6,857036
-4,759427
-6,195832
-4,834003
-5,289822
0,030962
-2,717813
-3,248404
-4,130033
-3,419800
-3,072438
-3,494790
-6,215555
-3,071822
-1,520622
-4,280411
-4,635601
-1,772170
-4,810616
0,106561
-3,446812
-0,429925
-3,784134
-6,492235
-3,527544
-2,465268
-4,103156
-1,849737
-4,177776
-4,252137
-1,980701
-4,075740
-4,215739
-2,711060
-3,680036
-3,418900
-2,296796
-2,296147
-2,856159
-4,158502
-3,834435
-4,653090
-3,494657
-3,455983
-6,908632
-4,478565
-4,442674
-3,955422
-3,943086
-2,976359
-1,739273
-3,297524
-3,641818
-3,463717
-3,276284
0,204917
-2,771494
-5,323401
-4,579157
-3,918255
-3,883719
-3,851930
-5,601395
-5,482029
0,312288
-2,873486
-5,165003
-5,657271
-2,354385
-3,624457
-2,858329
-2,923688
-3,554181
-2,095841
-4,254477
-2,877259
-6,559345
-2,975746
-0,447413
-2,871101
0,202092
-6,431208
-2,471728
-5,535981
-4,082932
-2,886808
-5,751618
-6,105427
-4,301983
-1,623282
-4,250285
-0,015381
0,468134
0,037215
-5,842988
-5,576189
-3,980441
-1,798664
-2,391923
-5,699291
-4,562360
-0,874854
-1,931859
-3,315217
-2,122130
-2,826844
-0,144101
-5,557992
-2,456339
-5,179572
-4,798044
-4,281352
-5,471777
-4,964495
-3,523553
-4,702795
-1,911711
-5,853192
-4,990539
-2,799521
-1,405972
0,226036
-2,055846
-4,161922
-1,404706
-2,849715
-4,255640
-3,318856
-4,892934
-5,169216
-3,904152
-5,800682
-2,965950
-3,846238
-2,688983
-4,297600
-3,463387
-1,193737
-4,364126
-3,845728
-4,894217
-4,069623
-4,856140
-3,223806
-1,496848
-3,669340
-3,314359
-0,191040
-5,327733
-3,371138
-0,691580
-3,049097
-3,090118
-4,850501
-2,532624
-5,624932
-3,524077
-0,844046
-4,298280
-3,631610
-4,050372
0,510297
-0,887401
-2,970389
-2,889706
-0,826368
-3,152297
-3,270287
-5,494945
-3,929031
-5,494024
-4,651372
-3,557802
-5,462646
-4,142791
-5,725383
-1,997065
-3,349551
-0,460337
-0,470300
-3,184591
-3,359426
-4,740764
-2,250117
-1,097335
-2,605296
-3,211452
0,053339
-2,813107
-0,635290
-1,654691
-2,605886
-2,632104
-6,607563
-0,040996
-2,823658
-1,000763
-1,708154
-2,637182
-4,774730
-3,408825
-0,739557
-3,891356
-3,397645
-4,833040
-5,086853
-0,111646
-4,083208
-3,670971
0,724865
-1,774671
-4,385508
-5,367592
-3,876245
-2,566238
-2,863569
-3,004216
-4,593210
-3,041524
-4,925942
-5,938971
-3,061806
-3,238234
-4,533750
-2,763774
-3,544777
-1,192420
-3,813322
-4,983769
-4,436762
0,223998
-4,837129
-3,388980
-3,649579
-2,417871
-5,434374
-0,402203
-2,864371
-2,783234
-5,273300
-4,046775
-3,693257
0,085453
-1,986429
-5,394876
-4,192463
-1,459112
-5,785407
-0,246287
-3,434429
-0,098988
-5,830309
-4,013595
-2,041364
-3,371356
-1,140201
-5,081741
-2,385980
-3,421678
-2,555898
-4,602663
-3,202939
-4,210740
-2,174303
-5,253829
-2,635668
-4,930370
-2,304661
-5,677848
-1,526225
-0,659424
-3,788775
-2,122610
-0,528236
-3,243925
-4,109391
-5,812403
-2,520760
-1,579545
-4,561874
-3,230131
-2,061695
-4,096815
-4,785696
-5,063390
-1,823657
-1,063623
-4,970753
-4,717589
-2,093045
0,296536
-4,074043
-5,004811
-4,405540
-3,009226
-0,893788
-2,651631
-5,731526
-5,095339
-3,436871
-3,152626
-2,934759
-2,200200
-4,109523
-2,595470
-5,910726
-3,027238
-0,189954
-2,568839
-3,267590
-3,818002
-5,201120
-2,646578
-2,253554
-0,070420
-2,262047
-0,574604
-1,373962
0,192773
-5,134673
-5,596271
-3,941078
-4,277353
-2,910528
-2,661333
-5,864474
-2,029491
-2,398164
-3,716765
-0,072572
-4,498882
-3,097870
-3,075687
-3,859663
-3,435934
-2,294832
-6,105265
-4,483410
-4,690158
-4,198084
-2,386428
-2,313001
-3,717839
-3,281231
0,101035
-3,477867
-2,269512
-0,141559
-5,137767
-3,009504
-4,839448
-2,528766
-3,050668
-2,589797
-5,787849
-3,317182
-5,536612
-1,641090
-2,688066
-3,873961
-0,343394
-2,638914
-1,650505
-2,714724
-1,542807
0,404368
-2,682863
-2,425586
-2,430534
-4,139805
-2,608610
0,219300
0,112033
-4,151383
-4,873260
-1,689910
-3,890711
-3,548514
-4,159225
-4,045887
-3,236081
-3,913145
-2,732343
-3,069667
-4,349047
-1,497628
-1,022087
-5,048314
-1,819008
-2,471508
-2,357230
-3,358919
-4,707288
-2,408802
-2,316588
-5,612299
-4,926843
-2,492525
0,150881
-5,559323
-2,182700
-4,668943
-5,596075
-4,483097
-2,616893
-5,516886
-3,225175
-2,111161
-3,356283
-0,918614
-4,675153
-4,225031
-2,356291
-5,393562
-4,194753
0,186299
-1,765912
-5,359644
-3,962788
-1,958166
-3,399877
-2,887729
-3,989377
-5,808474
-0,661903
-4,196650
-2,570201
-3,625705
-4,674611
-0,603855
-3,196573
-3,071527
-3,108076
-1,092251
-2,952280
-4,358213
-3,895416
-0,746986
0,604493
-0,081306
-0,034087
-4,179150
-4,119133
-3,295181
-3,141053
-5,487865
-3,591738
-4,142786
-0,187567
-4,703033
-4,890968
-2,354173
-3,589342
-1,269147
0,619330
-3,865412
-5,307492
-4,167408
-1,303092
-3,296446
-6,349808
-3,854653
-3,808202
-3,650967
-4,228205
-5,114846
-2,305547
-3,416359
-4,281994
-3,121098
-3,014625
-4,205408
-3,754788
-6,627502
-3,051432
-2,890513
-4,200843
-3,571863
-0,407795
-4,157401
-3,893328
-1,110248
-1,810109
-3,458000
-4,511154
-0,599975
-4,447292
-4,274519
-0,303685
-1,448375
-0,522826
-1,890340
-5,432442
-5,943055
-2,798797
-4,131945
-5,780838
-1,572830
-4,127844
-1,202467
-6,068851
-2,392428
-4,003573
-1,803922
-3,257935
-4,029748
-0,511782
-1,391982
-3,830286
-0,243320
-1,873701
-2,513915
-5,680071
-5,175477
-2,469319
-4,127927
-3,905829
-6,004492
-5,220119
-3,637208
-4,946448
-5,405939
-3,023279
-6,545905
-4,742569
0,034036
-5,061959
-3,821899
-1,086611
-0,996115
-2,979395
-2,288116
-4,797562
-3,081012
-5,146618
-1,606650
-5,735487
-3,283587
-5,030738
-3,886889
-3,330852
-5,593211
-3,588387
-3,390520
-4,358652
-1,109647
-4,173140
-1,446827
-4,896522
-2,775153
-3,404522
-3,441724
-4,488235
-3,606315
-6,363746
-4,287834
-4,161077
-3,851308
-0,982564
-4,467590
-3,106088
-5,379401
-5,879969
-2,661683
-3,738847
-4,675637
-2,486229
-2,307819
-1,629390
-5,495602
-0,340959
-5,849322
-4,635309
0,545374
-1,364434
-2,548908
-4,029080
-3,368262
0,089793
-3,283036
-1,685058
-1,506326
-3,115998
-2,561928
-4,782136
-3,828991
-3,927096
-3,747399
-3,390953
-2,008397
-3,974114
-2,000132
-2,414214
-4,274513
-2,806403
-5,911810
-4,262578
-3,785085
-4,606778
-5,137818
0,176622
-3,957609
-3,939089
-4,118338
-4,037676
-0,499931
-0,276923
-2,959146
-2,500023
-3,670119
-0,623034
-2,273554
-4,457760
-3,239572
-6,407263
-3,522017
0,323308
-2,435759
-2,023320
-1,246276
-4,671298
-1,853226
0,119788
-3,605879
-2,626424
-3,409979
-3,105322
-3,676545
-3,394420
-3,552388
-3,397689
-4,213779
-4,200835
-4,004600
-6,640526
0,238681
-2,751056
-6,389186
-1,098244
-2,252922
-3,262386
-3,723283
-5,168380
-3,681147
0,326608
-4,148560
-5,692096
-4,205438
-4,890732
-0,910600
-6,284086
-2,853548
-4,420568
-3,812447
-4,769790
-2,586881
-5,623975
-2,280953
-3,529657
-3,596886
-3,927549
-3,722179
-3,153278
-2,178539
-2,648153
-5,413914
-4,929160
-5,138992
-4,821243
-1,332061
-3,608756
-3,668807
0,065427
-5,401739
-5,652752
-0,912552
-3,895863
0,487472
-6,379985
-2,165875
-4,033373
-1,763221
-4,857289
-4,055829
-0,736918
-3,056282
-5,208941
-3,338736
-3,744695
-3,147966
-3,988073
-3,478352
-2,597912
-2,484246
-1,902115
-4,905871
-3,532509
-2,339588
-2,811060
-3,606716
-5,762973
0,428025
-3,316166
-5,406411
-3,093182
-2,565345
-3,034466
-2,423845
-5,308847
-2,810191
0,109289
-2,197078
-3,659190
-6,179111
-3,637166
-0,830173
-2,948146
-1,326609
-6,465695
-2,564530
-3,778337
-4,049619
-6,786131
-3,880380
0,245752
-2,605003
-5,102188
-2,614118
-2,679768
-2,689228
-3,929851
-3,999954
-0,213025
-3,503010
0,424818
-4,752078
-4,816732
-4,811608
-1,865687
-6,017431
-2,643540
-4,065549
-0,138137
-2,573419
-2,470722
0,344963
-4,354852
-2,258509
-2,802825
-3,276954
-1,027164
-3,349452
-4,683708
-6,164671
-4,442231
-4,644267
-1,503305
-2,863612
-3,806340
-4,139548
-6,002353
-4,293119
-1,296094
-3,151979
-4,387788
-2,898486
-3,702392
-3,782249
-2,114933
-1,644815
-0,634314
-2,111949
-1,768621
-3,538523
-2,167021
-6,341923
-5,516390
-1,794149
-5,591710
-1,065297
-2,391740
-5,507569
-2,576951
-4,402929
-3,526520
-4,900424
-1,664763
-3,906185
-0,547134
0,389410
0,396190
-3,484486
-1,955824
0,779601
-5,446020
-5,390442
-4,300855
-6,036340
-5,668404
-4,689807
-3,965746
-3,273410
-4,689990
-2,745718
-5,252861
-6,426959
-2,847198
-2,534499
-4,839689
-2,419022
-4,222522
-2,357531
-3,846288
-4,452094
-3,694806
-0,971341
-3,024243
-5,909431
-3,517024
-4,205806
-4,808973
-2,797415
-3,881184
-0,263043
-4,189505
-5,661813
-0,307389
-3,461061
-0,399985
-1,906830
-5,282074
-4,018925
0,331281
-5,123175
-2,321067
-2,038444
-1,870306
-2,647256
-3,928683
-2,382476
-2,587173
-3,597330
-6,288339
-4,714341
0,214853
-3,337758
-2,280766
-5,699940
-3,411614
0,000498
-2,844444
-2,543587
-2,547111
-4,014440
-3,938931
-2,245666
-3,806604
-4,472214
-4,279461
-4,752240
-3,677393
-2,710811
-5,426693
-0,330312
-2,578466
-0,861960
-3,001565
-4,422508
-4,294253
0,126619
-1,943329
-1,458449
-4,179485
-4,752697
-4,973663
-3,918183
-1,917154
-2,559253
-5,618187
-0,233671
-0,888668
-0,767204
-3,467254
-1,503135
-4,350875
-3,910949
-3,329067
-3,946610
0,719510
0,103899
-4,978091
-4,421353
-3,090907
-4,906744
-4,157636
-1,234618
-3,144647
-4,927839
-3,530387
0,166943
-3,191956
-2,779838
-3,805123
-0,099502
-0,162407
-3,257342
-6,004852
-6,122206
-4,747698
-2,176039
-3,590881
-2,466709
-2,798931
-1,430541
-4,361093
-0,479618
-3,629163
-3,085890
-5,878939
-3,997175
-5,369872
-0,828339
-4,981325
-4,355002
-0,338843
-4,553112
-0,457378
-2,653585
-4,487424
-4,484911
-4,429870
-5,546168
-3,567992
-2,712746
-2,765578
-1,764120
-3,225107
-3,917661
-4,240505
-2,371199
-0,452429
-4,841093
-5,461352
-5,621226
-3,716870
-2,846526
-2,436911
-1,903666
-2,913602
-3,905437
-0,928931
-5,325768
-3,587591
-2,946226
-2,107671
-6,052791
-3,257624
-3,158041
-1,388770
-6,376870
-2,482959
-3,485013
-0,191285
-1,084398
-4,812184
-2,257304
-1,975603
-2,591241
-2,289922
-1,816163
-4,341067
-1,679844
-5,300864
-4,080319
-3,227986
-4,305056
-2,153073
-6,106065
-4,699905
-5,761296
-4,301192
-4,563272
-2,023382
-2,793384
-2,351507
-2,410795
-4,344550
-4,461224
-3,507240
-4,528763
-4,410369
-3,320990
-2,908542
-4,144468
-3,418721
-4,888482
-4,324541
-2,491320
-3,956444
-2,461960
-0,047523
-2,440124
-0,729704
-4,447295
-1,475326
-6,681900
-2,731643
-3,786512
-2,060984
-0,567469
-3,985173
-4,077609
0,323894
-3,652998
-1,647991
-5,063644
-3,938275
-2,278838
-2,371243
-4,958483
-4,262959
-4,944737
-3,388029
-5,907468
-0,066583
-4,930296
-5,253686
-3,729742
-1,859536
-4,491688
-4,591551
-5,091549
-2,200809
-5,697468
-2,700867
-0,512935
-3,619464
-6,721556
-4,434893
-6,688268
-3,594518
-2,002522
-5,507074
-1,524148
-6,254823
-3,931583
-2,544879
-2,566684
-2,877403
-0,789321
-4,715819
-2,572638
-4,998029
-1,982107
-2,113718
-3,738281
-1,363242
-2,378093
-2,840111
-2,682650
-1,401479
-2,735623
-6,794512
0,659270
-4,481937
-0,775872
-2,913355
-3,933597
-4,859009
-2,964432
-2,390288
-1,153766
-4,520855
-3,278849
-2,541382
-3,427457
-5,194931
-2,683026
-3,164509
-2,280361
-2,955204
-3,735715
-1,252182
-1,569309
-3,587976
-5,980939
-1,120586
-2,914235
-4,150763
-3,720406
-1,857058
-2,367128
0,490969
-3,435095
0,296709
-3,708884
-3,646552
-3,559257
-1,975770
-2,711455
-5,428361
-6,251052
-2,142580
-3,194414
0,125671
-2,223091
-4,116954
-2,939707
-1,929183
-2,149594
-1,616982
-5,275281
-2,464043
-1,990381
-4,709457
-3,193330
-0,425812
-3,811972
-3,814595
-3,773155
-0,343603
-4,362583
0,266712
0,354772
-3,335664
-2,486664
-2,828080
0,190904
-4,077757
-4,029357
-4,014028
-3,933141
-4,873077
0,082601
-6,083712
-4,504297
-2,255720
-5,846759
-3,089481
-5,600848
-4,566367
-5,049528
0,119070
-0,739265
-2,919002
-3,271568
-3,881877
-3,619898
-0,760298
-3,528177
-3,135730
-2,545167
-1,516704
-5,449167
-4,414981
-0,018870
-3,154602
-5,051746
-0,526243
-3,465713
-6,011506
-4,019545
0,510731
-3,263943
-5,279973
-4,299036
-3,697873
-3,166623
0,167058
-3,320878
-5,676353
-5,210370
-2,894036
-4,431664
-6,455836
-3,782035
-1,081248
-4,375793
-3,638810
-4,305598
-4,174884
-2,609194
-4,245479
-2,048996
-0,098737
-1,736804
-3,336550
0,063993
-2,311814
-6,706715
-0,462289
-4,988870
-0,301443
-1,424177
-0,655233
-2,955502
-3,397433
-0,613616
0,196388
-0,741518
-1,277215
-5,186641
-4,179463
-4,507483
-3,692411
-3,559865
-2,544315
-3,851426
-5,922598
-3,587361
-4,683386
-2,525571
-3,621828
-4,900140
-4,303225
-1,828412
-4,266524
-5,133155
-2,127818
-1,012952
0,109487
-3,489267
-5,516537
-4,114733
-2,577798
-5,378143
-1,725331
-4,693481
-3,164367
-1,627033
-3,016190
-2,550553
0,634129
-5,813470
-0,249801
-2,139617
-2,727775
-2,349548
-3,897183
-3,069803
-0,158876
-0,456184
-3,465190
-5,156433
-3,621579
-2,738784
0,248977
-0,680972
-5,558747
-2,562217
-0,495340
-0,139159
-4,363574
-3,373535
-3,412373
-2,328294
-5,528741
-4,046950
-2,649280
-4,208972
-4,413995
-1,806858
-3,880160
-4,263223
-2,771209
-3,800305
-4,736445
-0,457859
-4,160358
-3,760843
-2,485365
-4,627253
-3,834220
-3,880595
-4,753971
-4,900251
-0,178044
-2,132622
0,049956
-4,978843
-3,131921
-5,195405
-4,168134
-1,829056
-0,325393
-3,134258
-1,201063
0,206621
-2,032239
-2,812244
-3,275877
-4,303823
-0,467160
-5,278025
-0,689737
-1,964355
-4,273931
-2,250012
-5,312773
-4,573697
0,727174
-0,614202
-3,692564
-4,833191
-4,998222
-5,161858
-2,945945
0,755092
-3,383733
-2,636819
-2,880926
0,665569
-5,123971
-1,181319
-4,037512
-2,556179
-0,056273
-4,841984
-2,177675
-2,089941
-4,026565
-0,322017
-3,640328
-5,140754
-3,129153
-3,257115
-5,922617
-3,918236
-5,287800
-1,122205
-3,869234
-2,395516
0,020057
-1,154387
-1,694841
-4,345365
-3,545276
-4,847383
0,056586
-2,422513
-3,093995
-5,648485
-3,477602
-3,628716
-2,647592
-3,319770
-2,264835
-5,968457
-5,492742
-3,443508
-4,301779
-1,783820
-4,490903
-4,327860
-3,427667
-2,598467
-4,164280
-0,503330
-2,046810
-3,057142
-0,327813
-4,408421
-4,044157
-2,569556
-0,090606
-3,457575
-2,714778
-5,034275
-3,178422
-4,822636
-0,495908
-5,702208
-4,836367
-5,158537
-2,706297
-5,517174
0,261532
0,299605
-4,842248
-1,905906
-2,754998
-0,571632
-5,190907
-1,918998
-6,558738
-5,996296
0,060979
-4,666698
-2,997623
-5,769995
-2,152405
-2,940508
-3,153246
-2,514158
-4,850486
-2,113094
-6,787007
-3,846253
-4,845441
-3,879168
-0,679597
-3,293408
-3,468851
-3,526831
-2,600295
0,647494
-3,981327
-2,220645
-5,177618
-1,455601
-4,720708
-5,238711
-4,462921
-3,212508
-3,957627
-4,036304
-4,366276
-2,393999
-5,861342
-2,898527
-3,093419
-3,855041
-0,542502
-4,251015
-0,172698
-4,218199
-6,495650
-4,403397
-4,907694
-2,923764
-3,060817
-1,841488
-3,401555
-3,485302
-4,311217
-4,768395
-2,469534
-1,286963
-4,924513
-5,229220
0,081424
-3,830893
-3,607604
-3,473901
-4,420014
-1,519065
-5,417125
-4,150988
-4,370933
-3,430482
-3,988302
-3,522548
-2,315876
0,578720
-5,412246
-2,756033
-5,110732
-4,511341
-1,166596
-3,067931
-4,060835
-3,846097
-2,251638
-2,370014
-4,528113
-0,559297
-2,239911
-3,383877
-4,953369
-5,351127
-3,464958
-2,075162
-3,591502
-3,810782
-3,313734
-3,637907
-2,398618
-5,292303
0,482446
-4,053544
-2,535279
-4,985722
-0,020876
-4,985800
-3,229811
-2,021521
-2,996966
0,759350
-1,511033
-2,402548
0,935580
-3,974778
-2,437893
-4,921126
-2,900208
-2,494314
-2,075795
-6,151121
-5,149822
-4,108727
-4,194969
-4,641923
-4,712161
-3,970262
-3,345535
-4,248682
-3,806111
-3,919569
-4,007751
-3,015970
-2,281663
-4,620234
-4,503878
-3,935935
-2,757217
-3,003531
-2,796987
-0,474421
-5,330273
-3,000958
-0,579874
-5,357593
-2,255851
-2,032307
-3,013290
0,647087
-2,362941
-6,075637
-1,947357
-2,968763
-3,957448
-4,891818
-4,899637
-3,967967
-4,196216
-2,332418
-4,178917
-4,661954
-5,044701
-4,236601
-1,810602
-0,257313
-6,481485
-5,420353
-3,025567
-1,117366
-3,310849
-2,996722
-3,767782
-5,920943
-0,003869
-0,758826
-4,066678
-1,646771
-4,464117
-6,024840
-3,633924
-3,272490
0,057069
-2,448973
0,514193
-2,593789
-2,487547
-0,894413
-3,169296
-4,835734
-4,028596
-3,766115
-0,733065
-4,017448
-3,365538
-2,195066
-3,872172
-4,542242
-2,671810
-2,998207
-3,678661
-3,975083
-4,324272
-1,610021
-3,144273
-0,839590
-4,477620
-3,579653
-0,923592
-1,442103
-1,735711
-3,886284
-3,668548
-6,013745
-4,938675
-2,846029
-1,759172
-0,287520
-2,763205
-2,398875
-3,398343
-4,355603
-2,467889
-6,319383
-3,313518
-5,926910
-4,776216
-4,216263
-3,771995
-3,124094
-1,507624
-3,812474
-2,120648
-3,123288
-4,377333
-3,614977
-5,154602
-3,771615
-1,197158
-3,576546
-4,933727
-2,417847
-2,570042
-3,817868
-0,593053
-5,019091
-3,233199
-4,491198
-0,728546
-3,668473
-4,097150
-5,007514
-3,259096
-4,814396
-4,443057
-3,461167
-1,514209
-3,330512
-2,790993
-3,091162
-2,191065
-4,326712
-2,494525
-3,553521
-3,423679
-4,458845
0,681359
-4,380659
-2,525947
-3,132292
-5,943460
-4,237312
-1,056057
-0,085328
-2,408740
-3,182018
-5,276784
-4,676417
-4,001012
0,084934
-3,138061
-1,335667
-3,693405
-4,619116
-1,870809
-4,858471
-0,789314
-3,874317
-3,407997
-4,357310
-5,226606
-4,693643
-2,632305
-5,824129
-5,906356
-5,246260
-3,880357
-2,607318
-3,705923
-4,398320
-3,671479
-1,793983
-3,865381
-2,609863
-5,227094
-4,494061
-1,790273
-1,836605
-4,212446
-5,027257
-1,746658
-2,174141
-4,095552
-1,542579
-4,129348
-4,582028
-2,855322
-0,039977
-1,886915
-4,254273
-6,419096
-5,490160
-2,594134
-5,046008
-3,209796
-1,425360
-4,874575
-3,253192
-3,529925
-3,781128
0,617230
-1,652423
-1,384455
-4,713192
-4,888105
-5,436929
0,103784
-3,837149
-2,532491
-3,556773
-5,774632
0,399422
-5,868192
0,116998
-4,155092
-2,060744
-1,168214
-3,861623
-2,897232
-3,260578
-5,964443
-5,470509
-4,867162
-3,347256
-3,237065
-6,287715
-2,824682
-4,042173
-4,707173
-4,352013
-2,898105
-3,313887
-2,430601
-0,090311
-0,094825
-3,547083
-5,831848
-3,863339
0,712717
-4,239246
-2,567223
0,777198
-3,830170
-3,046170
-3,364202
-2,683770
-3,174613
-0,621414
0,230299
-4,227611
-5,221517
-4,881241
-0,213361
-4,041784
-0,819426
0,038884
-2,175855
-1,840857
-3,647525
0,048374
-5,172591
0,405516
-2,471008
-2,691458
-5,407808
0,272479
-3,781901
-3,856169
-5,264182
-5,195766
-3,525761
-4,716164
-2,447876
-1,897586
-4,160593
-3,136167
-0,144328
-2,906667
-4,999742
-3,553615
-5,532811
-3,837777
0,716969
-2,360833
-1,880902
-1,992912
-5,703808
-2,890459
-3,255236
-5,363377
-5,109389
-1,541956
-0,067892
-3,341279
-4,568223
-4,170802
-6,246090
-3,745236
-3,404798
-5,272616
-3,967368
-3,833195
-5,418528
-5,816819
-3,816344
0,480974
-3,264592
-2,451319
-2,094383
-5,617286
-2,166258
-2,677338
-2,896713
-3,885401
-5,726760
-1,151756
-4,047067
-4,914694
-0,327573
-0,503708
-2,773841
-1,408745
-4,774198
-3,601545
-6,642320
-3,192259
-2,920224
-2,724510
-1,994083
0,406510
-3,051283
-3,121292
-3,397765
-2,145957
-4,525301
-2,368032
-0,531276
-2,739047
-6,626480
-3,316587
-3,407401
-4,247384
-2,265277
-5,898556
-2,583175
-2,965054
-4,292114
-5,701886
-6,326307
-5,116254
-2,385439
-3,963264
-2,310887
-0,026276
-4,921736
-4,234521
-4,201970
-4,770800
-5,397354
-1,329363
-3,102919
-0,996268
-4,112225
-4,462119
-3,429351
-5,172199
-3,249406
-2,768651
-2,613136
-4,935314
-3,756824
-2,902713
-4,634870
-4,159786
-0,886541
0,410960
-5,286995
-6,492150
-6,708089
0,798592
-2,120181
-3,931328
-3,506142
-4,548526
-3,846329
-3,368372
-0,956342
-5,509078
-3,630427
-2,573121
-3,882110
-5,775931
-4,163512
-1,866289
-4,727117
-3,296309
-3,297176
-5,377974
-1,658569
-4,391912
-3,484079
-3,735163
-4,673154
-3,734685
-3,353576
0,666404
-4,487952
-5,034650
-4,329944
-3,643249
-2,488252
-3,313800
-4,216985
-3,446445
-0,573663
-2,270134
-5,454873
-3,922223
-5,096530
-0,499364
-4,704280
-3,509695
-3,668105
-6,205593
-2,446674
0,324063
-5,131716
-4,518393
-3,183345
-2,680376
-0,161736
-4,719833
-3,562951
-3,221535
-3,954632
-3,861290
0,226023
-0,383756
-4,997325
-3,379806
-2,798614
-4,823986
-6,204974
-5,110304
-3,997475
-6,556595
-2,041881
-2,786424
-5,154770
-3,718255
-5,289150
-3,471754
-3,091691
-2,809306
-4,258626
-5,605529
-2,757170
-6,546611
-1,410618
-0,023032
-3,956744
-4,507072
-4,616379
-3,646819
-0,801824
-0,361912
-0,983159
-2,249697
-3,824692
-0,232172
-3,536296
-5,432106
-2,549387
-5,259739
-3,879602
-4,234344
-3,359048
-3,162044
-1,164700
-4,255821
-4,213949
-3,293260
-4,172010
-4,289295
0,864242
0,272900
-2,321939
-0,273755
-3,424822
-4,414129
-2,483341
-4,187915
-1,716075
-1,697275
-2,874210
-2,605612
-5,007642
-4,327098
-3,820223
-3,565218
-3,304616
-2,504541
-5,979403
-2,724910
-4,579971
-4,667805
-3,620903
-3,478644
-4,109879
-4,531733
-1,853196
-3,472833
-4,513314
-2,608004
-5,312632
-3,310930
-0,843485
-3,235712
-5,303301
-3,792593
-3,334391
-2,026751
-5,237925
-3,807507
-4,636971
-5,286253
-1,785757
-4,892498
-5,168277
-0,894777
-4,787167
-3,175917
-5,029241
-3,582071
-5,126996
-3,813021
-4,113048
-2,846322
-4,016708
-4,098586
-1,964376
-2,509655
-3,532259
-1,512870
0,511730
-4,528348
-4,135248
-3,962658
-1,710377
-6,952337
-3,284517
-3,343755
-4,248123
-1,115448
-4,614416
-2,474177
-3,099576
0,199897
-6,097127
-4,918198
-3,560721
-3,341877
-2,553788
0,050568
-2,783632
-3,282024
-3,910296
-2,404933
-4,646446
-4,277166
-1,963581
-4,097645
0,347658
-3,773315
-0,769227
-3,990559
-2,798645
-4,182044
-5,752884
-3,198348
-4,427368
-0,443332
-1,107953
0,298458
-4,419681
-5,639250
0,366704
-2,594651
-4,386586
-3,755070
-2,911647
-1,659199
-3,476447
-3,136803
-1,757158
-3,132576
0,790184
-0,921858
-5,271011
-4,399374
-5,014415
-4,772466
-3,099560
-1,688692
-2,779850
-3,861816
0,589090
-3,824995
-4,334947
-0,018529
0,581539
-3,624189
-0,796346
-3,634681
-4,240508
-4,164630
-1,652683
-2,444129
-3,231486
0,167426
-5,073163
-2,168801
-3,067212
-4,066418
-2,143408
-3,699961
-5,191823
-2,660756
-4,798891
-4,942261
-0,405114
-3,641815
-2,610236
-0,805370
-4,429338
-3,601176
-3,262899
-2,611609
-5,957793
-1,933833
-4,649354
-2,762590
-1,959876
-3,103090
-3,312681
-2,446416
-3,711662
-4,704322
-4,048243
-5,713622
-2,934827
-2,999521
-5,291457
-2,548886
-2,011691
-3,287128
-2,755044
-4,778534
-5,662948
-6,257728
-3,280563
-3,832355
-4,222024
-2,032957
-3,511762
-4,027281
0,261741
-2,619315
-4,078716
-2,917962
-1,676992
-1,856477
-4,356779
-4,102252
-5,950599
-5,868593
-0,208118
-3,298382
-3,720145
-2,356758
-4,159758
-3,789230
-2,534985
-2,286321
-0,044912
-4,413386
-1,646151
-4,264746
-3,583039
-4,171825
-1,349657
-3,756121
-1,770079
-4,657156
-5,689190
-1,211080
-2,288290
-3,248478
-4,938187
-1,542084
-4,138742
-2,870057
-2,860688
-4,027828
-3,961965
-4,157092
-2,046504
-0,520883
-0,363803
-3,348779
-3,703338
-2,599823
-1,707685
-3,814501
-1,196411
-3,181582
-2,179374
-5,464897
-5,097454
-5,068744
-3,833710
-4,447435
-0,281944
0,508327
-4,373732
-2,068651
-5,427508
-3,178931
-4,457274
-2,518259
-1,819784
-2,265745
-2,975146
-1,879277
-3,102209
-3,144343
-2,196286
-2,655585
-5,089555
-1,733323
0,601594
-2,122018
-1,442263
-0,543544
-0,237357
-1,034394
-4,198546
-1,439411
-6,382616
-3,735734
-2,917957
-3,397395
-2,207145
-2,776359
-5,271385
-6,530020
-1,377914
-5,861080
-3,905842
-0,949656
-3,981110
-3,611798
-3,676807
0,446007
-3,220114
-2,013352
-2,661060
-5,176396
-4,234027
-2,277066
-0,906408
-2,281671
-2,837687
-2,228642
-1,729459
-2,239801
-5,243885
-3,336942
-2,891859
-1,939627
-2,713090
-2,344504
-2,712665
-6,782030
-3,544829
0,122367
-2,119389
-3,617442
-2,685939
-7,323602
-5,189726
-1,020093
-0,332309
-3,971640
-2,968618
-4,478152
-2,539585
-0,705374
-3,354838
-6,630843
-4,440659
-4,408811
-1,020189
-2,302945
-5,017505
-0,736544
-3,819617
-2,807688
-5,600383
-2,548352
-5,023191
-3,096575
-2,631056
-6,741258
-4,947608
-4,897309
-5,794074
-3,964972
-3,346486
-3,302836
-4,046973
-4,339041
-4,552453
-2,362065
-4,124728
-3,817044
-1,886763
-3,700486
-5,553341
-2,654282
-2,497084
-4,089053
-0,578474
-0,766620
-3,980231
-2,884328
-3,235030
-0,202193
-3,574919
-2,062125
-3,202607
-4,852329
-5,346014
-2,620913
-4,980168
-3,836258
-3,253965
-3,821480
-0,375437
-3,828891
-4,995997
-3,794220
-3,499408
-3,758022
-5,253537
-2,997478
-3,725403
-4,937635
-4,307777
-2,896501
-3,904485
-5,530803
-5,551449
-2,485463
-2,032511
-4,292398
-3,577290
-4,718482
-4,315115
-2,765682
-2,292266
-5,062948
-4,432263
0,115398
-2,391029
-6,232868
-4,317320
-4,027010
-1,345434
-2,741946
-4,554331
-3,514015
-2,462767
-2,418585
-2,044963
0,773205
-0,502134
-0,483362
-0,106087
0,297808
-2,823756
-2,969479
-1,971860
-1,716465
-2,996771
-1,831484
-0,983735
-5,558140
-4,632974
-0,253509
-6,537231
-3,743295
-4,396356
-4,146108
-3,830347
-0,840077
-2,888755
-3,341792
-2,975331
-5,598278
-5,080404
0,135367
-1,075881
-2,210043
-2,840533
-6,023999
-4,626409
-0,500876
-2,695002
-4,940545
-3,310215
-4,838763
-2,066150
-2,330210
-2,833651
-5,062922
-3,900435
-5,455834
-3,633189
-2,024650
-2,679187
-4,116826
-1,716278
-2,433770
-1,256957
-4,260647
-1,765981
-4,010108
-4,917558
-3,268472
-1,906878
-5,800770
-1,915269
-3,590590
-2,799364
-6,006421
-3,000507
-4,284236
-4,314969
-4,960248
-1,815551
-3,536031
-1,984232
-5,948013
-5,093962
-2,627823
-3,952259
-1,172386
-4,833914
-0,176853
-5,893547
-3,665253
-4,416392
-0,814962
-4,058360
-2,733869
-3,276590
-5,285325
-3,530748
-1,225452
-3,890551
-2,934772
-3,361250
-0,095431
-3,788358
-3,778931
-0,152184
0,339577
-5,772030
-6,034360
-4,928374
-4,384922
-2,258862
-2,542567
-0,656896
-1,970772
-3,734472
-5,830436
-0,665303
-3,705913
-4,737561
-4,155841
-2,930413
-5,431686
-3,299564
-3,164785
-3,840830
-4,245756
-2,618636
-1,209360
-3,273034
-3,315316
-3,275776
-3,430454
-4,693548
-0,988159
-4,759450
-3,006995
-3,458382
-2,069121
-4,668622
0,022641
-3,317647
-5,229486
-5,535530
-2,090359
-5,137835
-3,187507
-4,659472
-3,493567
-5,505838
-2,878389
-2,170630
-3,436386
-5,125524
-3,676603
-1,030628
0,333465
-6,537791
0,291446
-1,197275
-1,629155
-4,620712
-5,220354
-4,010187
-5,151821
-2,830286
-2,600175
-5,496037
-4,730947
-3,268567
-5,028935
-4,007052
0,516439
-4,779490
-1,859498
-5,258937
-3,631850
-2,630844
-2,358412
-0,313388
-2,494825
-4,268399
-0,551468
-3,712541
-4,861456
-4,813143
-2,508114
-5,809741
-1,994715
-0,508734
-2,928203
-1,081900
-1,665076
-0,208294
-4,326571
-0,770541
-3,637596
-4,299153
-2,281506
-2,743143
-4,154425
-4,279170
-2,013430
-2,215471
-4,739399
-2,278988
-3,726046
-3,953516
-3,254375
-0,903221
-3,120748
-3,205099
-2,646507
-4,469833
-3,190974
-5,489395
-5,833021
-3,510465
-2,500719
-2,321143
-2,452628
-2,011836
-2,143500
-1,651516
-0,613872
-4,261600
-4,235665
-5,266719
-1,451194
-2,614995
-1,805124
-0,346653
-5,884635
-0,331281
-3,930977
-4,844040
-3,302732
-3,344436
-5,210180
-3,374270
-3,068334
-2,161528
-4,290591
-1,719358
-5,476174
-2,078270
-3,104847
-2,493588
-4,953296
-2,458859
-3,332741
-3,075429
0,042926
-4,104825
-3,283292
-1,759823
-1,600436
-4,248880
-0,304234
-1,620800
-3,652475
-5,329460
0,036406
-5,707070
-2,604495
-1,460558
-4,035070
-3,194743
-5,220665
-1,937519
-3,489607
-4,036673
-4,767204
-4,243195
-5,802299
-1,241591
-4,173749
-3,880713
-5,346639
-1,611945
-3,627867
-5,114962
-0,671273
-0,875564
-4,077862
-5,472554
-3,159569
-2,405235
-3,721887
-2,649069
-5,085936
0,248188
-4,660564
-3,261786
-2,802456
-4,095106
-2,562883
-1,780932
-3,505682
-5,310226
-0,632755
-0,452680
-3,819581
-3,256812
-4,528955
0,715540
-6,029451
0,476728
-0,931746
-6,369874
-3,182454
-0,466050
-3,265306
-3,906473
-4,501107
0,177614
-3,708107
-5,407661
-3,238922
-4,516163
-0,486268
-3,621965
-1,071227
-3,369513
-4,706968
-3,859030
-5,625616
-1,876670
-2,984541
-0,177354
-3,544548
-5,687603
-4,102200
-3,360712
0,565395
-5,650169
-2,493416
-4,110554
-2,886433
-3,564002
-2,329475
-1,822042
0,494369
-0,156721
-4,544550
-4,253037
-4,041287
-1,848117
-2,373253
-2,854115
-3,682723
-4,599627
-4,400344
-1,750709
-5,870557
-6,118363
-0,811825
-0,008942
-5,466065
-4,391963
-2,681389
-4,510965
-4,286299
-3,039829
-4,672349
-5,307902
-2,379422
-4,779841
0,313887
-3,861939
-4,802847
-0,527104
-3,773124
-2,459780
-2,324381
-4,289180
-3,472575
-3,288594
-4,956228
-5,453312
-4,292713
-3,303285
-3,090588
-4,293377
-3,707976
0,327766
-4,098386
-2,277524
-2,256061
0,135316
-0,999586
-0,880410
-4,293568
-5,520682
-3,604193
0,483767
-5,409665
-4,042693
-3,657819
-2,394733
-2,071813
-3,318628
-4,297463
-4,344799
-3,737541
-5,299857
-5,460697
-1,808666
-4,318239
-0,671474
-4,019944
-0,814119
-0,494086
-5,009436
-3,141298
0,230716
-0,431104
-4,131898
-1,409839
-1,891330
-2,879681
-2,820957
-3,202491
-3,762191
-3,574135
-1,954704
-4,374629
-2,404246
-5,605070
-4,688716
-4,242550
-4,130546
-5,363089
-1,736117
-4,793562
-2,999578
0,091281
-5,060784
-2,330619
-4,158681
0,212795
-4,028612
-4,863832
-2,230096
-5,029292
0,061473
-3,245741
-2,646813
-4,575935
-5,083305
-1,568384
-6,437722
0,122130
-2,793064
-3,802772
-1,621499
0,193096
-0,963735
-0,318558
-3,952062
0,268467
-3,529443
-3,742721
-5,563547
-5,199530
-5,740496
-3,374112
-0,534515
-4,222122
-1,179139
-4,818667
-3,049763
-1,775709
-4,374432
-3,929923
-5,684963
-3,241403
-3,484067
-4,337739
-6,086091
-5,575846
-3,942367
-2,743769
-1,747169
-2,617421
-0,498573
-3,650671
0,313410
-3,945302
-5,375817
-1,764327
-1,570604
-2,827536
-4,942941
-5,967425
-4,374715
-2,470846
-4,172826
-0,275777
-2,171740
-1,804584
-4,576670
0,068969
-5,731175
-0,660613
-4,665903
-0,986398
-5,696557
0,070006
-5,929470
-4,892987
-2,058300
-3,816613
-5,068023
-4,784980
-3,564309
-4,273452
-3,831215
-2,813695
-4,439597
-2,262771
-4,657091
-4,629974
-2,585423
-1,861210
-2,502516
-1,820484
-0,121861
-3,725704
-2,988343
-3,724270
-1,523821
0,184861
-4,267360
-3,592315
-2,675131
-1,147455
-3,416282
-4,730436
-1,203676
-4,231207
-3,412634
-0,003863
0,078094
-2,394142
-5,848725
-5,416243
-6,385237
-2,363094
-3,863608
-3,156240
-1,094189
-4,368468
-5,978384
-4,010541
-4,344926
-3,185371
-2,659802
-3,014835
-0,879093
-2,643613
-4,407658
-3,863893
-0,230794
-3,570354
-4,645764
-5,511374
-5,079816
-3,415195
-3,730243
-4,178910
-4,256565
-4,769069
-3,963034
-3,232868
-3,655616
-4,935995
-2,232264
-2,207107
-5,230734
-0,707774
-4,086454
-4,988560
-3,109581
-5,983797
-3,722758
-4,563564
-2,230646
-3,754201
-2,696141
-2,698042
-4,418846
-6,249215
-4,491450
-3,345667
-0,930375
-1,464024
-4,583720
-0,495271
-0,036240
-0,605050
-2,960853
-4,034833
-0,552685
-1,653528
-5,894129
-4,261215
-2,053158
-4,057644
-3,600064
-6,325088
-3,436115
-4,567597
-4,678984
-3,011732
-5,411126
-3,016828
-2,840203
-3,768982
-2,982642
-1,357868
-4,513184
-2,916520
-4,391016
-3,174324
-3,201099
-4,705599
-6,703770
-5,848978
-2,276433
-3,671975
-6,284125
-1,417555
-2,202427
-4,291076
-3,539818
-4,626080
-4,796468
-6,624006
0,506803
-5,213585
-0,418928
-4,277452
-3,834774
-3,429224
-1,064034
-3,892570
-0,695780
-1,942114
0,289828
-4,776813
-1,106536
-4,138502
-4,484016
-1,673281
-2,794007
-4,956713
-3,088150
-5,334397
-1,634597
-2,722254
-4,728810
-4,495341
-2,363563
-4,425151
-3,899819
-5,206023
-0,232516
-5,543389
-3,847709
-4,046489
-4,445787
-3,130124
-5,194665
-3,634547
-4,560115
-3,855472
-3,042324
-6,201440
-3,424656
-4,026890
-4,835870
-4,752716
-2,656406
-1,730096
-3,879875
-3,536285
-5,150125
-6,506599
-3,931165
-2,844603
-6,246956
-2,462056
-2,322253
-3,621575
0,277211
-3,867882
-3,025465
-2,635538
-3,493328
-3,156391
-0,468749
-1,626407
-4,821466
-0,065409
-4,679650
-1,777728
-3,471757
-3,953471
-4,129714
-4,289075
0,328616
-5,406058
-2,299748
-2,973724
-2,181308
0,273801
-1,858621
-4,625128
-5,631267
-2,456446
-5,868835
-3,321486
-4,701587
-2,507003
-4,247611
-2,693685
-5,650248
-3,707099
-1,021794
-4,427888
0,363046
-2,238313
-1,897939
-1,333827
-1,819710
-3,715117
-3,518326
-4,320411
-3,957734
0,417434
-2,801517
-4,599392
-3,850691
-0,475760
-5,136518
-6,117610
-5,863037
-5,703864
-4,537827
-4,583910
-3,988312
-3,948205
-0,705587
0,233943
-4,072842
-4,387864
-2,811640
-2,345036
-3,350502
-2,950464
-3,617667
0,097080
-0,048179
-3,651853
-3,764004
-3,343880
-2,863314
-3,129445
0,361069
-3,702137
0,133824
-1,249069
-3,083620
-3,717706
-6,098497
-3,807795
-3,289045
-4,367000
-2,928032
-4,838208
-2,830112
-3,161406
-5,115920
-4,339522
-5,423740
-5,607140
-4,146675
-1,988267
-4,978371
-2,784901
-3,498604
-3,876886
-5,529471
-2,997094
-2,616437
-2,545182
-3,710188
-2,256209
-3,575451
-0,385917
-3,502095
-4,295514
0,343559
-2,101897
-4,584954
-3,943552
-4,827423
-1,488228
-4,455086
-3,193237
-3,814365
-5,022496
0,331950
-2,865761
-3,682141
-4,855027
-3,194971
-3,390618
-3,759652
-3,676350
-3,135394
-1,702959
-3,485213
-6,108858
-3,048198
-2,755669
-3,902325
-5,359796
-3,057819
-3,764831
-2,531695
-3,304261
-4,396731
-3,422376
-3,858693
-2,670602
-2,879177
-4,461149
0,079561
-5,105469
-4,469738
-0,919201
-0,003054
-3,371940
-5,403095
-1,052229
-3,001873
-3,961125
-2,635516
-3,694837
-5,584514
-3,388226
-2,136245
-3,529814
-3,811649
-3,412749
-4,743279
-0,657230
-2,999387
-6,040428
-3,820212
-5,310169
0,467700
-1,371778
-6,165323
-4,753204
-5,747764
-3,679636
-2,626027
0,490632
-3,041255
-4,420993
-5,400346
-2,347795
-5,444166
-3,510850
-3,195291
-2,408692
-5,762579
-3,469127
-2,213995
-4,738189
-0,794096
-4,678327
-0,628409
-2,742244
-0,633513
-5,233296
-2,583030
-5,756852
-3,012809
-2,097590
0,616369
-5,101984
-2,619910
0,326963
-3,307000
-3,920607
-6,221312
-4,587212
-2,343139
-3,516485
-5,757981
-2,222354
-1,718660
-4,473229
-5,657768
-4,238107
-1,966709
-1,164549
-4,603115
-4,758753
-2,927014
-4,652840
-3,295143
-4,620316
-2,598544
-2,354086
-5,548591
-5,192074
-6,188797
-4,230458
0,753219
0,192683
-5,811551
-2,933093
-5,319630
-3,996971
-3,242670
0,039876
-2,425003
-3,669545
-3,854727
-5,306661
-2,527596
-6,348956
-1,997490
-1,858258
-1,211774
-5,842510
-1,828345
-2,886980
-4,423036
-3,621525
-3,293156
-2,809280
-3,214615
-4,839499
-3,263623
-3,761443
-2,504694
-3,189155
-6,075090
-3,893020
-2,943558
-3,047582
-4,100004
-3,137685
-3,818162
-5,376521
-0,905416
-5,609962
0,814252
-4,642617
-4,868485
-5,531860
0,088049
-5,425395
-0,493193
-4,399178
-7,124700
-3,608652
-4,666411
-4,328287
-3,897465
-6,044563
-1,491951
-2,091879
-3,116701
-3,946517
-4,268647
-2,041055
-0,622271
-0,263304
-0,612361
-4,300805
-5,596579
-5,370647
-4,014556
-4,038660
0,436469
-3,716312
-4,588013
-1,524830
-5,191326
-0,863902
-4,338553
-6,087172
-2,713294
-4,733860
-2,714656
-6,614542
-2,219847
-4,928446
-3,270921
-5,011790
-3,184353
-5,342801
-2,508165
-1,698443
-4,640954
-3,817313
-5,071177
-3,497045
-4,742213
-1,981626
-4,939671
-6,430794
-4,808026
-1,855640
-5,068529
-4,441282
-3,310293
-2,943038
-5,997253
-3,404750
-2,821043
-1,160539
-3,181499
-2,366104
-1,935550
-1,809186
-4,579190
-2,981252
-5,236829
-4,175523
-1,822438
-2,929759
-2,350743
-3,994954
-0,341798
-1,885422
-2,537467
-3,980631
-3,491334
-4,310314
-4,259165
-2,502634
-1,782500
-4,100708
-4,892917
-2,328657
-2,989236
-4,751998
-3,370303
-1,443808
-4,576393
-3,567393
-5,514984
-5,778673
-3,711037
-2,854167
-1,410159
-2,896708
-2,825066
-3,257028
-4,298462
-2,505639
-0,803325
-0,155634
-4,092282
0,002844
-2,715223
-1,213877
-3,943467
-5,482937
-5,220018
-5,548470
-3,617835
-1,748435
0,455093
-3,167414
-1,288997
-3,322870
-3,638240
-2,611972
-4,184699
-2,127193
-0,763060
-5,447459
-4,470577
-5,318763
-2,668501
-3,095437
-4,010125
-4,253309
-0,031639
-3,919266
-3,251959
-2,998924
-4,485077
-2,353333
-3,370120
-5,298379
-5,047914
-1,311895
-6,714519
-0,522372
-2,422692
-4,447336
-2,675608
-1,863964
-4,850680
-3,308419
-5,777488
-4,345202
-3,275627
0,272491
-1,234082
-2,864978
-1,511240
-4,148091
-0,473585
-2,834169
-4,276050
-3,976768
-4,805196
-4,186758
-5,058451
-1,855734
-4,428757
-5,707368
0,290725
-0,548056
-4,545731
-5,600283
-4,078597
-5,649635
-1,442539
-6,267444
0,146225
-2,968887
-5,643243
-2,160412
-2,006169
-2,046416
-3,690595
-3,250302
-5,002490
-2,444730
-2,986112
-3,023526
-3,912937
-3,214808
-5,875384
-5,850600
-2,434868
-2,709266
-4,322923
0,751321
-3,293688
-3,779096
-4,011392
-0,423651
-3,519737
-1,810491
-1,345224
-3,943522
-4,126442
-7,119749
-5,516956
-4,944534
-3,529362
-2,106607
-1,882044
-2,287245
-3,277571
-4,567426
-2,113118
-1,793145
-2,374070
-1,399835
-3,877743
-1,975900
-2,582466
-2,825978
-2,587275
-2,686791
-5,384906
-0,270998
-3,189478
-3,548555
-5,548495
-2,871802
-4,083727
-0,190671
-4,069767
-3,578697
-1,533438
-2,268257
-1,488293
-4,604772
-1,305429
-2,531313
-3,066603
-0,678264
-2,685673
-3,776284
-0,924257
-4,313882
-3,062204
-5,210663
-2,961243
-4,692212
-3,131269
-5,286258
-4,863835
-3,599375
-2,655942
-5,765515
-3,524568
-4,340992
-0,361044
-3,825084
-4,474998
-2,980518
-3,831702
-1,376790
-1,302107
-3,883708
-5,134787
-1,037089
-6,130695
-1,214308
-3,821019
-2,602436
-3,828383
-1,716715
-5,641352
-4,607285
-3,935338
-0,074485
-2,382558
-5,054979
-4,385322
-0,027008
-0,833185
-2,118451
-4,207596
-1,589570
-3,079810
-4,442250
-2,288319
-2,409523
-4,259515
-5,627861
-4,005793
-3,062164
-3,942622
-4,184158
-3,692249
-3,573399
-2,561557
-2,087962
-2,132102
-4,469434
-0,547511
-3,349598
-4,467248
-2,735066
0,657855
-3,822330
-5,943582
-2,108953
-5,660664
-2,980278
-4,285520
-2,892600
-2,361514
-2,569885
-3,859564
-2,463435
-0,957931
-5,268199
-3,138569
-1,624228
-4,592995
-2,832597
-2,997738
-2,253199
-3,270400
-3,284086
-2,498644
-4,122231
-5,082231
-5,297877
-1,345163
-4,184196
-3,367616
-4,684738
-4,305142
-2,400280
-5,214696
-4,660975
-4,672115
-2,623764
-4,803975
-0,797782
-0,072241
-2,826433
-3,427276
-6,084216
-2,523566
-2,813714
-3,416792
-3,469094
0,073290
-2,605766
-2,425426
-4,526101
-1,996867
-3,519961
-1,342778
-1,677780
-4,930209
-2,890811
-4,947429
0,030416
-3,193822
-2,436681
-3,435294
-5,400091
-1,433993
-3,667389
-4,276266
-0,518718
-2,180183
-1,848308
-0,605799
0,108979
-3,047471
-3,079594
-2,106657
-3,021988
-5,270070
-4,348447
-4,888868
-0,854395
-4,380566
-3,858959
-4,696155
-2,796746
-5,054609
-3,112428
-5,195418
-2,611641
-5,607186
-3,815612
-2,822259
-4,390361
-0,000711
-1,508880
-4,600242
-3,288625
0,087157
-4,922204
-1,788841
-2,440323
-4,532248
-4,024412
-3,851157
-1,926442
-0,400775
-1,302645
-0,094458
-4,912742
-4,599706
-2,456161
-3,189336
-3,670684
-3,023606
-1,440172
-5,569669
-0,191621
-2,649288
-4,204561
-1,273506
-3,980056
-3,824149
-2,561063
-2,811365
-3,856540
-3,080985
0,720684
-4,705454
-2,460584
-3,019247
-1,833678
-3,498088
-3,037093
-2,588970
-1,842411
-2,010077
-1,510621
-3,260262
-4,513646
-3,067253
0,189456
-1,141459
-3,793090
-6,188254
-5,210811
-2,598443
-3,439884
-4,740269
-5,169350
-3,216057
-3,711342
-4,328932
-2,616452
-2,251900
-0,416659
-3,502519
-3,730473
0,214513
-5,604319
-4,171282
-3,798973
-3,123043
-3,109289
-4,414579
-6,430326
-4,853239
-3,915567
-2,256293
-3,847939
-3,967057
-2,630577
-4,116716
-2,386036
-3,225937
-3,537523
-3,118922
-3,074140
-2,481273
-4,545332
-4,051732
-2,285211
-2,299030
-4,847888
-5,469057
-5,011020
-2,574215
0,168651
-2,100198
-4,624548
-2,507204
-3,454513
-1,287366
-4,294436
-5,127218
-3,852391
-5,582023
-3,712944
-2,577480
-2,189496
-2,365071
-1,995924
-2,770425
-2,841099
-4,671856
-5,405471
-0,459102
-1,899448
-3,215813
-2,037170
-2,142282
-2,285678
0,492407
-5,814786
-4,776619
-2,246078
-2,329402
-3,069263
-4,573551
-5,618683
-1,920731
-1,647341
-0,640917
-4,678741
-1,589416
-3,582025
-6,004513
-3,313428
0,232764
-1,207466
-1,714122
-2,020994
-2,432208
-3,578509
-4,413957
-0,813621
-2,413086
-3,090849
-4,628108
-6,502174
-3,300506
-5,457850
-4,879118
-5,200602
-4,310832
-3,747652
0,892691
-0,549044
-5,103440
-5,188783
-4,351676
-0,720181
-5,343422
0,276093
-2,086194
-2,558216
-3,478473
-0,775569
-5,293754
-6,083973
-5,003943
-2,267490
-1,237783
-4,458022
-4,297528
-1,773223
0,447985
-2,361356
-5,742722
-2,336249
-4,910832
-4,123949
-4,415190
-3,829283
-2,013966
-2,758640
-4,998509
-2,650933
-5,416847
-4,120917
-5,234779
-1,208948
-2,968871
-5,354237
-2,581121
-0,711509
-2,154895
-2,363412
-0,531530
-0,818676
-0,161245
-3,300787
-5,495164
-3,130236
-2,166131
-0,108217
-0,192640
-5,579963
-6,694308
0,547808
-3,094002
-3,547553
-2,304998
-1,192992
-4,992035
-4,651596
-4,526401
-4,013915
-4,092723
-5,124278
-0,191711
-3,121250
-3,331203
-3,770262
-1,152421
-3,224866
-5,874007
-4,294711
-4,403647
-5,226903
-5,277987
-2,683900
-3,386293
-2,364457
-3,745348
-1,909573
-3,411830
-3,673967
-4,747244
-4,481589
-3,565630
-2,899760
-1,898243
-5,353471
-2,091513
-0,745936
-0,113546
-2,107786
-4,197063
-1,747382
-4,414708
-4,417255
-6,337637
-2,441282
-3,568657
-4,866683
-2,792975
-3,651653
-1,293673
-5,341322
-4,201078
-3,554922
-4,966942
-3,819773
-3,920781
-4,395361
-2,413391
-5,886761
-4,908320
-3,065423
-1,984286
-4,554337
0,726298
-4,818612
-3,127227
-2,149823
-3,036765
-4,168465
-6,317025
-4,660554
-5,536629
-4,247163
-4,649869
-2,905406
-5,449393
-1,607254
-4,394928
-5,504381
-3,324928
-0,387197
-1,787018
-4,841556
-2,726595
0,916957
-2,023124
-3,346408
0,218421
-2,801505
-1,728388
-2,913306
0,494270
-1,464690
-4,515791
-2,919200
-0,320599
-6,255323
-3,047457
-6,400154
-4,598169
-4,498842
-1,838721
-5,784777
-4,171143
-5,897654
-3,212726
-4,062087
-2,762138
-3,805753
-4,062445
-3,065089
-1,990324
-0,445908
-2,667862
-1,836970
-3,391368
0,528389
-5,893385
-4,112318
-2,822721
-4,107782
-0,857444
-4,251293
-3,448302
-2,789879
-4,657230
-6,879229
-5,621372
-5,765376
-3,507116
-3,589424
-5,793124
-1,261300
-4,322750
-0,513173
-4,935518
0,191036
-5,680841
-2,911072
-4,002296
-2,165069
-1,180372
-4,798257
0,369272
-1,175592
-5,083950
-6,165215
-3,364440
-5,350085
-1,077758
-4,250973
-5,249154
-4,544546
-2,566183
-3,357180
-3,409797
-3,680630
-0,471651
-2,361041
-2,097594
-2,611362
-3,608174
-6,032107
-5,277921
-2,905764
-3,129967
-4,485512
-3,253289
-5,169709
-2,876385
-3,301136
-4,170906
-4,571275
-5,324354
-3,081047
-4,962949
-3,101176
-1,217428
0,647463
-3,882209
-0,452298
-3,094266
-5,534608
-5,714135
-5,625109
-3,717637
-3,479457
-4,865565
-3,838465
-1,609664
-3,000943
-2,722314
0,064829
-0,013569
-0,798087
-5,229753
-4,625254
0,564284
-2,834940
-5,508044
-4,583796
-2,649596
-1,973558
-6,623283
-3,838066
-4,279210
-1,712826
-4,966679
-3,451087
-4,451089
-0,048819
-3,906847
-1,768763
-5,349999
-2,669578
-4,932356
-6,252549
-6,913985
-2,093443
-5,134479
-4,017643
-4,202720
-4,036241
-3,017651
-0,132829
-3,828125
-3,025236
-3,012317
-3,481764
-3,047920
-5,920486
-5,232220
-3,223004
-3,657496
-5,512703
-2,875778
-3,584844
-3,188775
-2,210081
-4,134684
-3,127626
-2,369449
-3,673045
-0,971619
-3,339418
-4,780056
-1,783908
-3,022141
-4,534761
-4,909549
-4,590774
-0,391111
-1,596932
-1,669287
-4,641997
-3,862447
-4,727174
-6,091529
-3,618283
-2,734960
-2,281283
-3,345323
-3,858259
-1,281643
-3,455623
-4,181102
-3,249870
-1,387365
-5,361447
-4,253652
-0,971900
-3,594859
-5,688907
-5,155950
-6,565167
-1,869354
-3,957846
-0,367940
-2,232583
-2,885760
-4,048165
-0,468794
-4,565326
-2,529650
-2,887502
-1,894037
-4,447810
-3,220834
-2,508854
-3,188915
-4,602792
-4,576410
-6,871186
-4,625618
-2,360026
0,585355
-2,453200
-3,684494
-4,384581
-3,330811
-2,809051
-2,908380
-5,680753
-1,938426
-1,328930
-3,132885
-6,124365
-3,533108
-0,986001
-4,905860
-3,611209
-3,097946
-4,003854
0,030885
-4,204010
-2,046106
-3,148907
-3,346930
-5,251863
-4,652390
-2,880495
-2,854682
-4,716075
-4,230909
-5,654383
-3,611868
-4,539136
-6,394989
-0,341943
-3,068561
-3,858646
-4,032339
-4,326617
-4,452454
-0,408097
-2,956452
-4,624651
-2,454306
-0,611601
-3,089866
-0,249346
-2,276095
-4,262055
-3,662803
-3,687496
-2,940292
-1,856999
-4,908324
-0,882780
-6,332324
-2,647080
-1,875178
0,125349
-5,618174
-2,968219
-4,235247
-4,292128
-2,566731
-5,357256
-2,574250
-4,654453
-1,959411
-3,025417
-2,281771
-1,441438
-5,349106
-4,258532
-3,477555
-3,007471
-3,076868
-3,367722
-4,594359
0,448179
-1,878382
-1,436779
-2,957066
-1,734830
-6,692301
-2,571717
-3,513265
-4,038432
-1,409367
-5,312289
-4,024390
-2,258603
-1,959629
-3,754262
-5,371730
-3,491093
-5,209523
-4,234184
-3,437525
-0,739605
-4,567684
-3,636369
0,002377
0,078816
-0,942506
-5,822460
-4,048895
-2,572033
0,385903
-3,945043
-2,727953
-0,033455
-3,867935
-2,889476
-1,906537
-0,239136
-2,265642
-4,970993
-2,621824
-2,511476
0,393482
-3,114384
-3,653196
-3,560564
-2,877929
-2,984377
-2,660777
-5,084358
-3,849055
-3,209455
-3,993823
-4,471238
-2,237938
-3,043810
0,062776
-6,746869
-4,803072
-5,223528
-3,829337
-1,363115
-4,464442
-2,685370
0,390063
-3,492984
-2,119403
-5,230371
-2,366292
-3,566705
-1,309570
-2,791194
-1,904485
-3,548318
-4,431570
-3,488280
-0,231417
-1,712904
-3,648295
-1,282154
-4,033560
-5,684805
-2,550510
-3,804278
-4,364720
-2,965970
-2,112874
-3,951814
-3,256253
-5,937283
-3,736041
-5,593232
-3,277442
-4,655599
-5,513107
-2,285492
-5,236321
-4,358640
-5,206382
-2,300973
0,329387
-2,398477
-3,880103
-3,208200
-1,857072
-5,777166
-3,815566
-1,767715
-4,339909
-2,036201
-2,288188
-3,656422
-3,932014
-3,844309
-3,978990
-4,107648
-0,041601
-4,238104
-0,852522
-3,335002
-4,874438
-4,983532
-3,332769
-2,741437
-5,475920
-1,725288
-4,703350
-3,684921
-3,189539
-1,252601
0,453220
-5,287705
-1,599813
-3,592297
-2,936450
-5,906913
-5,340726
-4,421878
-0,242585
-1,857487
-1,481568
-1,408689
-1,134445
-5,147926
-5,084954
-3,485113
-4,157279
-5,104111
-1,509049
-5,018650
-1,446724
-5,156619
-1,699029
-0,198402
-1,652348
-4,592436
-3,162070
-2,833323
0,032918
-1,341381
-3,974640
-4,262842
-4,945982
-3,352932
-4,281656
-0,911352
-5,321717
-5,654476
-1,977759
-1,626582
-6,829534
-4,173870
-3,410796
-2,908919
-5,008709
-1,632013
-4,414564
-1,828912
-3,815260
-1,817942
-4,917631
-4,696423
-3,805398
-5,444661
-2,792287
-1,291211
-2,678455
-1,983686
-4,247500
-4,300657
-2,937392
-2,656038
-2,314361
-4,704248
-4,335011
-2,944289
-4,030841
-3,076913
-3,042834
-5,488286
-5,868789
-5,846359
-2,846154
-2,539820
-3,148616
-3,135926
-3,857740
-3,084193
-1,177264
-3,026285
-1,503079
-2,852411
0,863396
-2,487913
-2,728614
-5,066735
-3,753291
-4,106871
-2,961703
-4,604905
-3,762908
-3,035120
-0,676924
-1,540977
-2,577141
-4,356292
-4,073068
-4,563472
-3,708962
0,702250
-3,390870
-4,761541
-6,162381
-1,974285
-3,991365
-2,848538
-4,850528
-5,020667
-4,901327
-2,820149
-2,777110
-1,510410
-4,275848
-4,752636
-2,696882
-4,127042
-0,676272
-3,529487
-2,463391
-3,215678
-4,545032
-5,398978
-0,022272
-3,778672
-4,294497
-1,879035
-2,920852
-5,906893
-3,960234
-5,387147
-4,334052
-2,456488
-2,701781
-0,339839
-6,026555
-6,069397
-3,708759
-0,803954
-3,016889
-3,777328
-4,909914
-2,536451
-3,874586
-1,454177
-3,867089
-3,153657
-4,891159
-1,874823
-3,845242
-3,254709
-0,020924
-3,936443
-3,361182
-4,565458
-1,842582
-4,944310
-1,539294
-5,436851
-4,673357
-4,428956
-2,741914
-4,926490
-1,994046
-1,606385
-3,041857
-3,685806
-2,977268
-2,658832
-0,240039
-0,235771
-3,129108
-4,554736
-2,537099
-4,013674
-1,997308
-3,280969
-3,049294
-6,703502
-4,701061
0,489786
-2,244501
-3,072222
-2,658678
-2,132299
-2,537556
-4,884636
-2,050933
0,186793
-3,690853
-2,415603
-2,885891
-1,864146
-5,740117
-1,394798
-2,924355
-3,505766
-3,362092
-4,206543
-2,709299
-1,606035
0,844596
-3,977635
-2,278152
-4,677979
-4,571366
-2,485365
-3,297334
0,822530
-4,463359
-5,038598
-4,414087
-0,637987
-2,865165
0,257161
-3,045325
-2,805407
-4,443981
0,354761
-0,574296
-4,899364
-6,666905
-0,480468
-3,766017
-5,455034
-2,670362
-2,441197
-2,442148
-2,810540
-4,511054
-1,941733
-4,452092
-3,100346
-4,943621
-4,181208
-0,568716
-1,658501
-4,106129
-3,336972
-1,326386
-5,586063
-5,702821
-2,355154
-4,619131
-1,275212
-3,381230
-3,777191
-4,012337
-3,660107
-4,989810
-0,250984
-4,346247
-0,037384
-2,362048
-5,175007
-3,003429
-1,473160
-2,834642
-1,805480
-2,149568
-5,490734
-2,917105
-2,220460
-4,172075
-4,912181
-3,413366
-1,889302
-6,017152
-0,868727
-5,917065
-6,188049
0,641994
-2,748224
-3,862058
-2,539363
-3,928897
-2,271199
-4,365330
-5,696961
-5,175610
-0,718855
-5,789196
-4,691484
-4,950946
-5,021311
-5,199917
-0,286221
-2,114951
-3,640439
-3,085883
-2,264941
-0,222662
-3,803536
-3,505831
-3,703716
-0,937683
-1,702616
-4,687138
0,245016
-1,353676
-1,805695
-4,904826
-2,353868
-3,258849
-5,288724
-4,112926
-4,206466
-2,651449
-1,463371
-4,961116
-2,511989
-5,250189
-3,655126
-2,824516
-0,330736
-3,937597
-2,348331
-1,966962
-1,936863
0,219354
-1,884783
-5,465908
-2,808938
-4,046093
-4,203093
-5,752847
-1,394287
-4,297819
-3,046053
-4,390205
-2,007120
-5,169036
-2,331618
-5,444841
-4,492261
-3,163852
-4,179386
-1,229652
-2,219981
-2,965063
-1,823071
-4,369008
-3,127440
-2,920176
-3,282303
-4,512658
-5,078953
-3,014580
-1,779414
-3,376314
-2,772719
-2,563150
-5,194314
-4,189749
0,556682
-2,693927
-1,691083
0,546855
-2,177811
-4,895103
-5,178959
-0,071053
-4,352490
-4,689794
-5,000123
-6,273501
-2,892435
-3,182436
-3,429313
-2,184100
-3,687007
-5,347121
0,077101
-3,364126
-4,276076
-5,618995
-4,002006
-3,327496
-5,383441
-3,562664
-1,907137
-2,972275
-2,598699
-4,478383
-2,090203
-2,909851
-2,802313
-1,411186
-3,319053
-2,975279
-4,475359
-4,911856
-3,224615
-1,462486
-1,193158
-1,204223
-0,311119
-0,824753
-2,067465
-4,059692
-1,748395
-4,421383
-4,610592
-3,016617
-5,460787
-3,436286
-3,029833
-2,274764
-2,891041
-6,235120
-3,148385
-3,567232
-3,803440
-1,698480
-3,603602
-4,685645
-4,931065
-5,038361
-5,679545
-2,537111
-0,580116
-4,217122
-1,707431
0,236152
-4,630495
-2,531460
-5,253131
-2,348033
-3,880073
0,508214
-1,104761
-4,655219
-5,030126
-3,611222
-3,932521
-4,582694
-3,139783
-3,198875
-2,165476
-1,111111
-4,021547
-1,143797
-6,227569
-6,008078
-4,339454
0,559781
-2,281886
-0,587729
-3,275581
-2,688532
-1,643550
-4,814089
-1,423483
-3,068962
-5,260767
-4,664013
-6,250952
-3,481131
-6,201949
-4,997427
-4,339356
-3,012550
-2,761176
-3,053527
-1,234121
-0,272311
-0,315121
-5,007064
-4,351494
-1,363075
-3,573331
-5,389560
-3,267982
-4,706192
-4,023845
-5,126183
-6,719797
-0,003887
0,251395
-2,244635
0,161699
-4,846444
-5,728589
-4,401566
-3,224747
-0,031673
-6,173545
-3,396255
-3,681451
-0,812872
0,602640
-0,558264
-1,044535
-0,344103
-6,088809
-1,705218
-3,582714
0,337076
-5,838153
-4,935417
-0,460578
-2,761170
-3,807281
-1,469789
-0,710735
-6,510209
-3,229189
-2,949875
-1,032715
-2,746479
-2,810911
-3,609761
-4,428257
-3,441351
-3,085043
-5,226875
-2,338994
-4,594913
-4,005776
-4,639542
-5,380066
-3,827927
-0,725196
-4,924381
-0,018737
-1,891194
-2,289405
-1,204380
-0,603365
-5,761858
-4,546299
-3,371811
-3,482219
-3,620767
-2,936797
-5,662727
-0,765391
-1,414589
-3,909320
-2,659030
-5,144896
-5,351030
-2,840662
-5,004188
-4,654511
-2,272683
-5,308774
-2,420906
-0,087262
0,525356
-2,035572
0,642165
-3,817043
-3,148124
-5,950151
-5,558846
-2,851715
-4,406264
-3,236570
-2,980266
-1,809545
-5,918151
-3,450512
-2,091089
-1,725922
-3,608541
-4,318078
-2,821488
-4,521286
-0,247238
-4,385847
-3,949595
-3,495918
-3,730512
-3,124734
-3,859171
-5,067424
-3,331753
-4,535451
-3,353442
-5,108746
-1,944390
-3,229723
-5,875950
0,147498
-4,713667
-1,779678
-1,946707
-3,057474
-3,936891
-3,022890
-4,786474
-4,058574
-2,820441
-4,898060
-1,338504
-2,257511
-2,453532
-2,928690
-4,062991
-0,641603
-3,976369
-3,195673
-2,850428
-1,386709
-3,029087
-3,794030
-2,445594
-5,323115
-0,150477
-1,955702
-4,385936
-5,029357
-5,499131
-5,090850
-2,325384
-0,069010
-4,810530
-2,602162
-3,287663
-2,821185
-4,711873
-2,105559
-2,099083
-3,409242
-5,068654
-1,510436
-3,642117
-3,737920
-2,169008
-5,003541
-2,075491
-4,585744
-7,112121
-4,899499
-2,540281
-2,055513
-3,441039
-4,110383
-2,099327
0,485566
-4,183845
-3,490916
-4,114036
-3,487617
-4,653199
-3,073801
-3,527070
-4,420275
-3,889033
-1,844981
-0,946447
-3,101681
-2,665435
-6,419320
-4,409859
-0,605651
-4,456166
-4,716307
-2,708068
0,233530
-2,288707
-3,311585
-3,990154
-4,194175
-3,929559
-3,372152
-3,308864
-3,031699
-4,250091
-5,252669
-4,624851
-2,551401
-3,500068
-3,837986
-2,245984
-3,760705
-4,199342
-2,044397
-3,152531
-4,896504
-3,981573
-2,367590
-3,189750
-3,684594
-2,869147
-1,859818
-3,857437
0,090383
-3,893042
-4,008289
-5,207823
-5,150395
-4,089241
-3,380105
-4,218870
-1,152504
-0,534923
-0,088514
-3,847928
0,434311
-1,159661
-4,331395
-0,848005
-4,069927
-3,803589
-6,279823
-4,680283
-1,701570
-0,057405
-4,659461
0,547709
-1,220452
-4,199541
-3,790140
-2,308905
-2,170115
-2,832443
-2,530013
-5,337919
-2,108054
-3,361458
-3,646743
0,470404
-1,584607
-2,692660
-5,961456
-0,070804
-3,912830
-2,376332
-3,902393
-1,522530
-4,701183
-3,285622
-3,786411
-5,612343
-4,585852
-1,799303
-3,406079
-2,845330
-3,110131
-3,313667
-3,579322
-1,338623
0,113572
-3,265188
-1,931192
-1,936806
-4,695927
-4,178309
-2,602996
0,540211
-4,062650
-5,606629
-2,076593
-3,956547
-2,340875
-4,007880
-5,191684
-5,376940
-5,299708
-3,279956
-1,486669
-3,948902
0,009998
-4,594145
-4,316236
-1,433441
-4,603716
-4,936298
-4,106126
-4,615706
-3,803211
-2,277413
-1,279283
0,598710
-4,020102
-3,030681
-5,802267
-1,652828
-4,531933
-1,153774
-3,750575
-4,377891
-4,369511
-4,202270
-2,918297
-4,105402
-5,005563
-3,307406
-3,303498
-2,928336
-3,757925
-2,849995
-2,720844
-5,010419
0,384593
-2,305233
-2,825668
-3,468121
-3,694796
-4,607074
-1,657923
-3,090477
-6,473784
-3,852362
-3,222562
-2,799722
-1,875938
-4,461321
-2,067772
-4,408500
-2,649431
-3,471554
-3,397477
-2,690739
-2,040188
-5,648635
-4,784754
-1,741619
-3,386868
-0,066333
-5,297670
-2,204612
-0,860289
-2,095325
-3,716606
-3,191543
-4,629752
-6,169887
-5,019550
-4,040362
-4,214942
-5,822124
-3,673891
-2,012979
-6,830854
-5,122182
-1,842977
-3,366477
-2,478864
-2,232693
0,285998
-4,668465
-6,865324
-2,841214
-1,689648
-3,929164
-4,277722
-2,944227
-3,295498
-4,092495
-6,339365
-5,911244
-2,894839
-4,326896
-5,821086
-2,769792
-2,387280
-5,042394
-1,749581
-5,273994
-2,603801
-5,062158
-5,400051
-3,726339
-4,289161
-3,918944
-4,559118
-5,355973
-7,086581
-4,469503
-2,424137
-2,098804
-0,265669
-5,203302
-4,150503
0,495198
-1,627608
-3,796279
-4,662949
-2,185116
-3,422386
-3,393153
-0,405712
-0,788680
-2,591750
-5,321932
-4,865967
-2,108187
-3,038238
-1,098546
-3,996595
-0,434156
-1,792153
-3,065910
-2,834623
-4,687723
-0,941535
-4,869975
-2,226018
-3,038111
-4,876335
-3,850195
-5,035645
-1,654625
-1,937064
-3,253297
-2,476073
-4,789274
-6,126470
-5,677969
-2,757158
-4,954018
-5,537474
-5,122861
-3,514716
-0,456165
-2,474902
-3,528368
-3,674724
-2,887358
-3,056636
-3,271614
-2,858799
-0,523196
-1,986123
-0,351738
-3,112312
-3,565248
-5,686945
-5,378374
-2,543973
0,466580
-5,047227
-1,735740
-1,191659
-4,633312
-2,449524
-2,747029
-2,438567
-4,128635
-1,942322
-3,387698
-2,510790
-3,340825
-2,984441
-4,712490
-5,551100
-2,753619
-4,005895
-4,069086
-2,165885
-2,636372
-1,907570
-1,798238
-6,289852
-6,267611
-2,754345
0,226838
-3,929252
-5,697987
-4,786417
-3,624054
-3,133731
-7,043317
0,356808
-2,507023
-3,482368
-5,851722
-5,332077
-4,551449
-3,893851
-3,906390
-3,860430
-3,255236
-1,649816
-2,661526
-2,654811
-6,453201
-4,507699
-0,906722
-1,999826
-3,425493
-5,589584
-4,165619
-2,732934
-2,446199
-4,005222
-3,573808
-4,543057
-5,815750
-5,224798
-6,090749
-3,990026
-4,042648
-0,976147
-5,511463
-1,024147
-0,221083
-2,431391
-5,509997
-2,202904
-2,000205
-2,135932
-3,524672
0,335888
-4,930934
-3,893696
-3,901320
-3,261905
-3,550978
-4,517987
-4,406094
-2,780645
-3,542813
-2,248751
-4,013614
-3,111801
-3,707973
-5,970003
0,623208
-0,477148
-3,412471
-3,422226
-6,134912
-5,631535
-4,682468
-3,462314
-0,320574
-3,043266
-2,961753
-4,955577
-0,105348
-5,975611
-2,670168
-0,552688
-4,741843
-0,487928
-0,147713
-4,321587
-4,521495
-3,141025
-3,223472
-5,799763
-5,678975
-3,127648
-2,048049
-2,067832
-6,186882
-3,653618
-5,060600
-1,836594
-2,397424
-5,345850
-3,058843
-2,922661
-3,746213
-3,083185
-3,497879
-5,327669
-2,013250
-2,775697
-1,217471
-5,342986
-3,351153
-5,471489
-3,656992
-3,409021
-5,800424
-2,796619
-3,471116
0,209416
-2,685510
-3,795158
-3,917376
-4,325258
-3,988451
-2,646155
-2,492104
-1,661239
-4,149321
-1,341365
-2,088963
-3,565854
-2,573448
-5,413076
-0,045538
-4,390511
-2,903882
-4,304656
-2,468982
-5,547631
-1,843992
-5,638001
-3,553674
-3,499982
-4,357239
-5,565228
-2,135067
-3,641290
-1,613175
-5,185926
-5,734323
-4,373102
-4,631204
-4,028168
-5,321749
-2,932366
-3,476930
-4,234113
-2,306197
-3,521455
-5,091415
-1,949970
-2,073872
-1,455065
-4,183248
-2,868599
-2,222487
-2,599076
-6,015311
-0,434085
-2,128136
-2,726164
-4,098485
-2,337448
-4,734276
-0,766642
-2,991571
-2,040738
-5,040157
-4,057837
-3,255250
-3,485621
-2,120775
-3,354496
0,159779
-4,026663
-4,163896
-4,507563
-6,035067
-4,239425
-3,364652
-4,682035
-4,149553
-5,098270
-1,454737
-5,056197
-5,789869
-3,502369
-2,705896
-3,267458
-4,187487
-4,789023
-4,769601
-4,852486
-7,001794
-3,233226
-3,123534
-3,268761
-2,517459
-3,527508
-5,055527
-5,541470
-3,143477
-4,573402
-3,107594
-3,419191
-3,156061
-0,376247
-3,569136
-0,080922
-3,059454
-2,933256
-2,991772
-0,001559
-1,000380
-5,290543
-2,775710
-5,637634
-0,840537
-5,324054
-2,896857
-6,247832
-3,506972
-1,707152
-0,021182
-5,722603
-4,988563
-2,654362
-4,450816
-3,767239
-3,865074
-2,206503
-6,682549
-4,515103
-5,556827
-3,020544
-3,426968
-5,985986
-5,352196
-2,399787
-3,516015
-4,967100
-5,145538
-3,560131
-4,375046
-3,580356
-2,139702
-5,113137
-2,762654
-1,608064
-2,653489
-2,907017
-2,383782
-2,927489
0,573697
-4,179201
0,023461
-4,635753
-3,467001
-1,994822
-2,838970
-2,742372
-2,822499
-3,097767
-1,570748
-1,493162
-1,120078
-5,818874
-3,436864
-0,873852
-0,505072
-1,944984
-1,203178
-2,307416
-3,445023
-2,643120
-2,822276
-2,703983
-4,043306
-1,803262
-0,949907
-0,118777
-3,836054
-6,388335
-4,964968
-3,314498
-3,849099
-4,029745
-4,081024
-2,909217
-4,302541
-3,824269
-4,014990
-1,702081
-0,244788
-4,345461
0,692159
-4,554186
-2,715726
-2,967752
-0,220570
-3,193089
-3,157580
-5,999750
-5,946337
-2,439405
-0,162036
-0,111171
-3,116651
-2,608777
-5,966781
-6,431898
-5,387190
-4,854288
-3,568479
-0,518154
-3,112972
-3,586486
-1,436008
-0,665282
-0,778415
-2,989283
-4,432953
-0,293502
-3,084941
-2,546718
-0,570298
-1,388238
-3,718733
-4,773031
-4,811096
-4,380043
-4,911010
-3,433606
-1,837717
-1,944586
-2,836527
-0,223554
-3,974708
-1,027492
-3,847495
-0,018634
-4,019406
-2,920282
-1,306280
-4,015197
-5,074708
-2,061319
-3,597838
-2,308092
-3,713965
-3,401255
-5,139501
-3,404558
-3,037379
0,271877
-0,473302
-6,836734
-3,938253
-2,525613
-1,841895
-5,113685
-2,795053
0,521074
-4,213701
-2,252433
-4,259651
-6,814213
-3,623946
-3,350766
-1,481222
-3,318515
-3,610061
-0,675789
-4,615676
-1,828258
-0,937471
-0,973147
-4,704277
-2,883301
-2,387154
-4,027984
-5,173236
-4,782816
-3,184461
-4,056479
-5,898137
-3,488632
-2,087997
-2,752438
-4,375892
-2,792080
-0,010725
-3,870678
-1,436123
-3,849432
-5,254626
-4,653162
-5,764672
-3,534056
-3,895103
-2,894967
-4,754548
-3,960444
-4,937507
-3,612247
-4,284520
-5,063453
-4,606223
-4,956109
-3,071716
-5,410162
-3,603680
-1,260000
-3,372733
-3,057651
-2,638793
0,205213
-1,898922
-4,945956
-6,328738
-3,532413
-3,638294
0,255592
-3,353117
-6,223021
-2,776282
-3,580097
0,093945
-5,777475
-0,667705
-3,603479
-2,891396
-4,336772
-4,707440
-4,688841
-2,254599
-5,627590
-2,310567
0,164117
-4,759585
-2,716445
-4,171650
0,842109
-5,577803
-3,055234
-0,885427
-3,198927
-4,228653
-4,227292
-4,956711
-2,736074
-4,612052
-5,247215
-5,349787
-3,471772
-0,966444
-3,134203
0,261285
-3,594023
-4,841263
-4,334410
-2,732762
-5,598517
-4,281755
-3,869981
-1,415708
-4,089828
-4,366557
-1,958396
0,381061
-1,825134
-5,584334
-2,514720
0,102706
-4,575343
-2,452471
-2,459687
-2,904636
-3,734700
-2,475703
-5,412832
-2,609934
-5,258757
-0,780902
-2,705686
-3,464596
-3,880826
-3,262489
-3,734747
-3,060309
-4,586949
-2,007568
-3,830504
-2,970432
-2,725501
-4,882555
-4,168085
-3,060901
-3,055824
-0,581148
-1,328240
-5,255044
-1,490886
-4,979997
-4,473293
-5,295454
-4,790403
-3,926461
-3,480394
-5,708786
-4,290014
-6,729968
-1,352897
-3,007674
-0,470505
-5,205912
-4,653196
-4,026345
-3,908056
-1,344815
-1,390937
-5,196507
-2,413919
-6,439008
-1,469290
-2,838490
-4,946671
-3,151413
-2,562924
-3,986667
-3,311880
-3,968730
-4,726945
-2,947133
-3,852940
-2,575688
-1,917049
-5,041037
-4,145192
-1,867569
-1,660358
-2,686601
-1,966870
-6,559538
-4,829245
-3,728701
-4,129615
-4,102911
-4,493176
-3,156399
-2,985059
-3,116541
-1,225608
-3,878836
-1,575674
-0,211938
0,788204
-3,165689
0,460482
-4,599577
-3,197228
-1,202422
-2,844599
-3,134363
-2,056859
-4,157069
-1,270042
-4,677395
-3,536964
-1,280327
-0,614643
-4,181928
-4,548836
-1,570875
-4,747565
-5,390779
-3,135354
-4,822681
-1,527879
-5,180767
-3,485671
-1,992721
-3,987740
0,833355
-6,829008
-1,527449
-5,469748
-3,061818
-3,563950
-6,009323
-3,578131
-4,366070
-2,038948
0,579548
-3,853755
-3,080436
-4,452244
-3,028796
-3,080032
-1,828771
-5,097545
-4,521897
-4,098926
0,007242
-2,248445
-4,367250
-3,272307
0,569436
-1,660525
-2,626255
-3,224734
-3,781187
-2,368798
-3,939803
-4,692355
-3,254708
-2,837346
-5,361879
-3,054190
-4,556594
-5,960370
-4,048961
-3,217274
-6,293839
-2,866137
-3,060827
-2,430192
-0,118075
-3,370041
-5,255176
-2,243161
-3,135814
-3,869326
-6,094921
-5,390095
-4,648977
-5,123292
-6,075654
-2,837427
-3,619703
-3,350425
-6,047056
-2,780779
-5,761491
-3,104136
-6,172520
-3,782903
-4,204764
-2,318503
-4,186650
-4,444779
-2,966578
-1,372096
-2,272534
-4,346151
-0,190045
-5,284136
-0,826275
-3,344175
-2,269652
-6,412931
-5,256773
-1,762163
0,610465
-3,182141
-5,219484
-5,090218
-3,546307
-2,765271
-4,643728
-3,952356
-4,186797
-2,359004
-5,288195
-5,923522
-3,766924
-1,421043
-6,148025
-4,350964
-4,197578
-1,876575
-0,663003
-4,707899
-5,079031
-3,946604
-2,789212
-4,412504
-2,585685
-4,826425
-3,900572
-3,183365
-1,466735
-5,150698
-2,447342
-6,879454
-4,593141
-1,777325
-6,037141
-6,965174
-1,529210
-2,677929
-5,824731
-1,720008
-3,221545
-4,354854
-4,368391
-3,655744
-2,977974
-4,186394
-1,100827
-1,655807
-2,774712
-2,097656
-2,409895
-1,320761
-3,759639
-4,871598
-2,890386
-2,387780
-2,351185
-2,467516
-3,804537
-3,395169
-3,920989
-2,729212
-2,315804
-0,154110
-4,250393
-4,018107
-5,468684
-3,060629
-6,448861
-3,551195
0,111253
-5,635403
-3,456908
-0,506240
-3,342229
-3,188597
-4,993559
-4,692850
-4,686062
-3,321611
-4,752107
-2,162756
-0,175352
-4,425626
-3,455380
-4,725150
-4,097390
-2,759949
-5,230841
-0,689627
-3,139929
-0,133715
-2,579455
-0,288520
-1,509945
-4,147252
-2,260112
-3,239658
-3,831725
-5,258959
-2,936000
-1,917507
-1,341103
-0,284352
-2,449971
-4,048965
-4,725302
-1,894386
-2,596579
-6,019850
-5,200966
-3,705891
-2,398769
-2,780971
-2,944275
-3,695969
-1,753662
-4,818124
-3,338062
-3,216101
-3,934391
-3,554833
-4,527860
-4,696425
-3,605828
-3,679332
-3,472061
-0,581712
-3,751529
-3,445935
-5,337625
-2,460775
-1,074246
-3,521082
-4,556789
-0,286824
-4,061454
-1,927791
-4,252215
-1,632955
-4,476808
-3,584008
-1,730254
-4,274658
-2,962373
-1,322365
-1,942215
-2,081228
-5,041709
-1,969605
-4,756309
-4,364369
-1,858394
-4,808232
-1,300149
-3,738769
-2,638072
-3,952852
-6,321631
0,788060
-0,990099
-1,642700
-3,595669
-3,345699
-1,589031
-1,282301
-1,546610
-0,229425
-0,934346
-3,939937
-6,404511
-5,675408
-4,323098
-0,310483
-5,366311
-3,969884
-3,511603
-2,229422
-4,635944
-2,701415
-1,010349
-4,888692
-2,594917
-5,428511
-3,672492
-5,260957
-4,112634
-4,968638
-1,526464
-3,560827
-1,823097
-2,189184
-5,380883
-1,880449
-4,453578
-3,330258
-5,227290
-0,575217
-5,228574
-3,524646
-4,544901
-3,134089
-2,755532
-4,902659
-3,632818
-2,465241
-3,355394
-4,220444
-3,167782
0,082184
-2,483591
-4,175111
-5,519471
-3,491236
-3,531287
-0,068223
-3,162854
-2,587975
-2,434123
-3,699387
-2,430997
-1,364036
-2,294973
-3,288144
-2,651606
-2,004457
-4,523502
-3,620239
-4,136645
-4,893804
-5,737640
-3,536894
-2,443780
-3,240231
-6,004610
-1,891935
-4,576470
-5,596907
-3,910264
-2,118246
-2,659346
-3,007548
-0,235377
-5,469995
-2,725731
-6,591981
0,619770
-4,151492
0,320724
-5,252103
0,841855
-1,119205
-2,362957
-3,175727
-2,769455
-4,109766
-3,653364
-5,094021
-2,227282
-2,847588
-3,232685
-0,515101
-3,276813
-4,599665
-4,243427
-3,056890
-3,915130
-5,848018
-1,971125
-4,680365
-3,458496
-5,891986
-2,614671
-2,903419
-2,258911
-2,233269
-2,918791
-5,988671
-4,704167
-2,459434
-3,984275
-3,834749
-3,991778
-1,703733
-3,561409
-2,045890
-4,424110
-4,522991
-2,767949
-3,556836
-3,203377
-3,104549
-4,951274
-2,709822
0,116479
-4,437675
-1,698974
-3,001482
-4,214071
-3,471532
-0,183676
-4,586835
-5,147331
-4,039397
-0,564314
-2,643839
-3,537902
-2,166329
-2,987938
-5,810415
-4,553411
-0,012472
-2,563258
-4,305122
-3,383746
-4,409960
-2,878036
-2,870484
-2,232358
-4,137812
-4,487020
-2,293215
-3,525021
0,887341
-5,746072
0,648895
-2,487871
-3,187302
-3,558164
0,520061
-2,007225
-2,846387
-4,599859
-1,650074
0,700698
-3,086027
-3,532700
-3,536408
-1,353582
-1,594461
-5,740906
-5,321206
-3,753957
-3,661690
-1,246986
-1,147803
-4,845943
-4,187690
0,163062
-4,776191
-5,863258
-3,525743
-5,385116
-3,471795
0,496323
-5,977832
-3,372970
-2,260249
-2,348666
-3,662900
-4,101177
-3,903115
-1,447369
-1,847413
-2,110868
-0,545402
-3,181409
-1,886057
-5,202146
-3,466794
-1,007115
-1,462126
-5,227833
-4,660310
-1,840293
-3,830996
-2,772573
-3,383078
-4,205360
-2,162214
-1,624129
-1,015058
-2,546143
-5,655222
-5,977464
-5,472300
0,314190
-0,285353
-0,140653
-2,518338
-4,990053
-4,042589
-2,266147
-1,263077
-4,172749
0,227143
-4,204384
-5,279649
0,028902
-2,648282
-4,794144
-6,019680
-4,597484
0,511118
-2,610905
-3,532398
-2,018115
-2,880884
-4,672096
-3,216767
-4,989702
-1,044392
-2,920077
-5,725898
-3,980281
-0,026136
-4,432011
-2,098793
-5,209387
-4,375256
-4,252666
-3,758970
-4,368901
-3,231464
-5,587181
-3,754915
-0,263573
-1,876859
-4,838659
-5,237357
-0,443319
-4,178942
-0,925967
-4,655232
-4,368231
-5,131291
-4,450335
-0,831263
-4,757379
-4,508281
-5,875472
-1,562575
-4,006735
-6,368854
-3,745803
-2,972673
-1,225805
-4,980470
-3,337873
-1,342914
-2,518600
-6,143082
-4,090205
-5,349902
-0,003779
-3,562860
-3,008444
-0,840630
-2,917300
-3,368805
-2,967425
0,351872
-0,214305
-5,673951
-2,021838
-3,347455
-2,692813
-3,653316
-2,575999
-1,032139
-3,893271
-1,071189
-4,709927
-5,364605
-4,535712
-3,394814
-4,367551
-3,088546
-0,031682
-4,343796
-5,125455
-2,975553
-4,460450
-0,234656
-5,467884
-2,588948
-4,447385
-3,429333
-4,295693
-3,844508
-3,132071
-7,092225
-3,226434
-4,338466
-2,499391
-6,455970
-0,070862
-1,293038
-4,836859
-3,310743
-2,710299
-4,762321
-2,149065
-0,896311
-1,278587
-2,058623
0,474062
-4,550369
-3,792300
-2,366003
-1,960745
-0,221945
-5,255111
0,530692
-2,210650
-4,727165
-4,178386
-3,421442
-4,367585
0,858890
-1,828196
-4,726493
-6,032473
-0,371207
-2,302855
-1,940855
-5,337177
-3,632054
-2,576586
-5,078051
-2,328202
-4,238553
-5,078955
-5,894617
-3,940845
-2,521011
-1,956335
-1,300658
-3,930000
-2,297177
-3,916892
-3,380138
-4,679217
-1,407822
-3,408481
-5,165458
-3,536069
-2,037707
-2,092983
-1,589317
-3,383443
-1,383475
-3,269666
-5,032444
-4,667174
-3,330168
-3,594950
-4,126439
-2,258045
-3,751271
-3,795392
-3,231921
-2,770042
-3,171820
-2,112141
-0,568634
-0,746728
0,443857
-3,275534
0,672462
-2,871836
-3,011228
-3,756689
-2,670150
-1,581126
-3,712629
-4,822811
-3,810780
-4,460547
-1,581672
-2,949689
-4,378158
-4,832342
-4,351046
-5,540143
-1,675670
-4,909741
-1,693027
-6,001820
-4,642410
-2,589171
-4,773691
-4,156132
-0,413173
-3,481218
-0,150322
0,434335
-3,090787
-5,425596
-4,381502
-2,580324
-2,283827
-5,933973
-5,807855
-4,760294
-2,718406
-4,789218
-0,774333
-2,928291
-5,203419
-3,705038
-5,366459
-5,442276
-4,292434
-3,067288
-4,457615
-3,179710
-4,651982
-5,474402
-2,592060
-4,268475
-2,790476
-1,266197
-1,540481
-4,146122
-4,995377
-0,619448
-0,377587
-1,751694
-0,322543
-5,082955
-2,110186
-4,727917
-2,404195
-1,836268
-5,106310
-4,710987
-3,409246
-4,258691
-0,725685
-0,324340
-0,794739
-4,966218
-2,090530
-2,510404
-2,916204
-4,408661
-2,257915
-4,120349
-3,750626
-3,177974
-0,376986
-3,478481
-4,152339
-4,236478
0,110510
-1,560575
-2,387975
-5,791106
-2,835000
-1,153085
-2,025273
-3,946910
-5,044901
-4,928709
-3,161575
-3,944090
-5,391008
-4,219269
-3,053550
-4,866882
-3,262356
-3,160078
0,154549
-3,194680
-0,183258
-5,565958
-3,865800
-4,573986
-2,430133
-4,338253
-3,270852
-0,778430
-1,814995
-6,796852
-3,400033
-6,673977
-4,394826
-5,610724
-1,569610
-3,489655
-2,723104
-4,131859
-3,045340
-4,355054
-2,027244
-2,624275
-2,855221
-3,571602
-3,495489
0,369537
-3,420455
-3,683873
-6,957058
-4,148270
-3,653768
-5,298017
-3,122585
-3,201751
0,410041
-3,001921
-2,390183
-4,413310
-1,508621
-5,776754
-2,722817
0,244157
-4,795301
-3,174599
-3,422760
-5,315793
-2,381496
-2,768899
-2,409056
-1,423670
-5,466685
-1,753429
-4,900740
-3,649191
-5,300095
-2,207862
-3,091882
-2,818050
-5,035521
-2,685934
-5,653678
0,032554
-3,680581
-3,469012
-0,134124
-3,997964
-1,973800
-5,106036
-4,069123
-3,919518
-1,517308
-3,618188
-0,155475
-4,778732
-3,051519
-2,953804
-3,859337
-4,917954
-3,976173
-1,937062
-2,721781
-1,552830
-3,110188
-1,334031
-3,070292
-3,002523
-2,912502
-2,332427
-3,961390
-0,990411
-3,233428
-5,302949
-0,618890
-3,912482
-2,435240
-4,866864
0,762878
-4,095945
-4,208182
-1,872596
-2,653885
-1,454289
-3,297582
-3,102928
-4,504726
-3,958241
-2,253447
-0,685833
-4,207481
-3,562443
-4,118439
-2,423303
-3,504438
-4,065224
-5,165785
-2,844605
-1,688379
-3,213751
-0,311486
-4,725468
-2,580416
-3,504046
-0,117325
-4,961407
-5,964791
-3,468054
-0,101588
-5,699141
-3,741385
-3,074902
-1,922642
-0,945058
-0,642701
-2,434751
-5,556608
-3,305917
-3,239384
-0,754222
-0,707945
-2,263978
-5,221268
-4,018342
-4,792792
-3,743282
-2,954801
-3,064963
0,109239
-5,511758
-1,033514
-4,433000
-4,687346
-0,696802
-4,833745
-3,601287
0,608818
-5,063043
-4,206917
-2,526156
-3,240383
-4,421373
-2,940605
-0,126724
-2,956312
-1,948827
-5,354592
-4,319821
-2,379810
-0,558648
-4,347406
-2,877018
-4,851234
0,398263
-5,202596
-1,990305
-1,342432
-5,250802
-2,849995
-4,244580
-3,340085
-3,954321
-3,131079
-2,456350
-5,907480
0,412370
-4,026021
-3,064830
-3,784955
-5,133961
-3,747217
-5,665037
-4,884522
-1,748878
-2,382850
-2,161546
-5,395739
-3,882303
-3,542380
-5,190843
-0,085366
-4,488271
-3,763546
-2,968560
-3,657129
-3,799733
-3,820044
-3,014712
-3,639433
-3,438818
-0,483141
-5,355468
-4,928785
-0,041206
-5,761011
-5,398775
-3,885236
-3,160977
-1,788703
0,479657
-4,233788
-2,401843
-3,791388
-3,368071
-3,517369
-3,506257
-4,636714
-3,065370
0,267178
-4,957178
-3,610335
-3,821357
-1,192672
-0,294645
-0,426787
-4,466840
-2,816245
-3,169183
-3,119817
0,483478
-5,910666
-3,869462
0,807142
-3,100893
-3,382731
-4,626170
-5,513113
-2,940659
-5,195207
-1,470135
-4,963908
-2,536135
-3,569084
-4,431011
-1,183654
-2,167323
-3,430363
-0,072959
-3,799439
-2,907640
-4,590427
-2,916347
-1,829184
-2,948656
-2,508085
-6,574811
-2,905003
-4,581501
-1,364139
-7,066078
-6,039003
-1,242000
-2,897346
-3,850369
-2,011831
0,001138
-3,033430
-2,734836
-5,556291
-0,248562
-3,609746
-0,066507
-5,672437
-2,462677
-4,439334
-3,983257
-2,601396
-2,526541
-4,584054
-0,282249
-3,124400
-4,674055
-1,774678
-1,933907
-5,663505
-4,639869
-5,252176
-2,699814
-3,302231
-2,849011
-4,597512
-3,806669
-6,290300
-5,140462
-3,994640
-3,250165
-3,936095
-6,211664
-6,395795
-4,335326
-1,992877
-5,514917
-3,914582
-2,541128
-4,807188
-4,606698
-3,003410
-4,013882
-3,993832
-2,064331
-3,047325
-4,295344
-6,656389
-1,442048
-3,068530
-5,272238
-4,615160
-2,677311
-3,343693
-4,607270
-3,566423
-3,527716
-0,846699
-1,790213
-2,501465
-0,333306
-4,660821
-1,331466
0,012987
-2,803715
-3,460186
-4,493502
-3,412287
-3,655526
-4,908424
-3,420729
-5,567452
-3,646505
-1,406534
-3,619787
-5,247859
-2,832810
-4,497731
-4,461650
-5,285665
-1,444289
-4,344661
-5,338421
0,349888
-0,274958
-0,743518
0,054911
-6,470792
-1,900595
-2,780422
-3,709215
0,050941
-4,774853
-3,346456
-2,533783
-4,946633
-3,135288
-5,458084
-4,333681
0,601397
-3,992830
-4,614916
-5,200885
-2,048371
-4,628618
-1,938857
-4,071357
0,182260
-3,860474
-2,734539
-3,454129
-1,982559
-2,130265
-3,455997
-2,368179
-4,856330
-1,928683
-4,678228
-5,422211
-5,395134
-2,347583
0,712174
-2,439568
-3,885060
-4,279537
-4,993563
-5,346928
-3,071204
-2,969313
-4,092469
-2,780612
-5,858554
-1,962648
0,563818
-4,530544
-0,075203
-6,108407
-5,112967
-2,672909
-3,437295
-1,807384
-3,925122
-4,938496
-2,302103
-6,896115
-4,739406
-2,408407
-6,314770
-3,034238
-3,890302
-3,197781
-2,035457
-3,012987
-4,207736
-1,779575
-1,806737
-5,579471
-5,910764
-1,710115
-3,847919
-3,720213
-3,992897
-4,596204
-4,059289
-0,550367
-4,552725
-4,501817
-1,723621
-2,161374
-3,068805
-2,211478
-3,623529
-5,642554
-4,803605
-2,880255
-3,473542
-3,668325
-1,807194
-2,408850
-4,537792
-5,501387
-2,646992
-3,854886
-5,544705
-6,531820
-3,135667
-5,764223
-3,213135
-5,103607
-2,732885
-6,131701
-4,535551
-6,190499
-3,307947
-5,518193
-3,477241
-3,670465
-1,735655
-6,326783
-4,694614
-3,798384
-1,816381
-1,792466
0,784756
-5,844100
-3,975964
-3,249858
-2,017954
-2,332877
-2,092050
-1,849371
-2,426217
-2,326708
-3,069702
-2,650766
-3,480127
-1,729279
-1,019944
-5,679598
-5,144429
-0,054836
-3,153314
-4,586519
-2,209466
-3,484179
-2,233409
-3,714639
-1,365715
-2,274618
-2,310901
-3,630652
-1,715504
-5,919096
-5,479307
-1,783521
-2,785490
-3,884995
0,300347
-3,769898
-3,698388
-2,662661
-4,083450
-4,201450
-0,094076
-4,133093
-0,932991
-3,230158
-6,261060
-3,077871
-4,643271
-1,703166
0,005244
-4,682900
-3,423081
-1,387031
-1,976482
-2,074146
-1,440186
-5,819724
-3,051444
-3,260341
-3,369353
-5,465785
-2,419962
-4,824541
-5,040840
-3,543703
0,476610
-3,019136
-6,098463
-3,166383
-4,195740
-2,898703
-3,729603
-1,811242
-2,473778
-4,939508
-4,549105
-2,174537
-4,173487
-1,928717
-2,843397
-2,278820
-3,074409
-4,819512
-1,866420
-2,512484
-4,414756
-4,474021
-6,026952
-0,208015
-5,160422
-2,915654
-3,903142
-6,572074
0,292560
-1,196611
-4,311845
-3,260565
-0,469527
-2,185709
-4,383778
-1,105716
-3,804473
-4,001354
0,321636
-3,685512
-3,526723
-3,351213
-2,541517
-5,932909
-2,843842
-4,272768
-3,268592
-3,509492
-4,470422
-4,435611
-2,581471
-0,625336
-1,877723
-2,350938
-5,976850
-0,579325
-5,376739
-2,357783
-1,843971
-3,113061
-2,274427
-3,372767
-3,799863
-0,833194
-0,155757
-1,776083
-3,735211
-0,211095
-2,521271
-3,233107
-6,476174
-1,490346
-3,900743
-3,504450
-5,682806
-2,916215
-4,034214
-4,757077
-2,762067
-4,973698
-5,109640
-2,245088
-5,870830
-1,467959
-0,044134
0,643645
-2,287696
-3,481627
-2,305971
-4,352942
-2,326509
-4,867935
-2,256574
-5,152240
-4,885474
-1,920372
-2,336534
-2,266614
-2,134130
-2,432659
-1,963907
-3,346718
-0,946571
-2,296369
-4,505230
-5,708817
-2,559989
-4,969571
-1,137893
-4,741543
-4,925517
-3,378354
-4,451539
-5,611849
-6,018051
-2,129601
-0,362397
-3,963097
-2,223161
-2,637527
-2,453662
-3,637489
-1,643416
-2,336747
-3,718074
-3,164839
0,405935
-3,342624
-2,917125
0,587060
-6,289710
-4,879171
-3,300133
-2,856584
-4,642146
-3,237582
-3,626161
-1,485236
-1,823088
-5,761962
-4,440066
-2,714863
0,093797
-2,525049
-4,030147
-6,193663
-3,687511
-3,690256
-2,836153
-1,631182
-6,522959
-3,583655
-4,295233
-1,913557
-4,216789
-2,671399
-3,997789
-4,355627
-0,397240
-2,726104
-4,342463
-3,848146
-3,952326
-3,100502
-2,279341
-3,940675
-5,075395
-3,748226
-2,981442
0,663627
-2,950964
-4,485728
-4,730747
-1,548141
-2,655794
-2,092285
-0,353908
-6,474074
-3,341969
-3,485874
-4,824088
-5,992054
-4,342664
-2,489444
-3,121040
-4,501911
0,360999
-3,165016
-3,859222
-2,092114
-1,070773
-4,219661
-5,760631
-0,424069
-2,625366
-1,213565
-4,202858
-2,123805
-3,019619
-4,761927
-1,886566
-5,808378
-4,951014
-0,516714
-2,432159
-4,689181
-6,484585
-1,406102
-5,521090
-4,176886
-0,182095
0,304087
-5,318367
-2,517153
-3,161183
-1,994864
-6,560726
0,738314
-2,835914
-5,127551
-0,719906
-5,071684
-4,747317
-4,447616
-3,305925
-6,710178
-2,980421
-3,969303
-2,909690
-2,801720
-3,766655
-5,304001
-1,988433
-3,743781
-3,167958
-4,521744
-2,548172
-5,254109
-5,828576
-2,057002
-4,088276
-2,629779
-1,626670
-5,491518
-0,010460
-3,790134
-4,775233
-3,359159
0,146585
0,348756
-4,848459
-0,041992
-4,792987
-3,053755
-2,027416
-3,569475
-3,857463
-5,557442
-4,675989
-3,432843
-4,176719
0,529899
-5,762425
-2,763128
-2,730977
-5,025856
-3,835799
-4,180311
-1,983254
-2,419653
-2,612977
-1,012819
-4,650273
-0,028951
-2,242620
-2,557908
-2,678285
-4,673195
-3,006150
-2,800007
-3,072478
-2,367401
-2,318080
-2,319635
-2,962848
-4,368872
-5,521053
-3,775546
-5,759821
-3,159507
-0,648016
-4,002874
-5,200126
-0,080015
-2,610688
-5,858638
-2,070513
-1,095000
-4,249058
-5,100613
-4,293340
-4,737727
-2,957964
-3,629099
-2,376844
